====================
入札者数: 100, 財の個数: 50
入札額: [52, 94, 32, 64, 99, 37, 85, 22, 65, 35, 11, 70, 60, 35, 76, 29, 100, 33, 27, 45, 72, 14, 90, 99, 91, 27, 44, 36, 18, 39, 16, 48, 42, 84, 47, 68, 86, 95, 25, 71, 53, 27, 83, 45, 72, 56, 42, 23, 29, 80, 67, 12, 50, 61, 81, 92, 50, 99, 78, 35, 84, 94, 49, 27, 55, 92, 69, 36, 97, 67, 23, 76, 56, 72, 97, 29, 20, 91, 46, 88, 92, 17, 37, 56, 88, 96, 21, 14, 85, 10, 13, 14, 80, 90, 14, 31, 76, 14, 33, 79]
payment: [0, 0, 0, 0, 0, 0, 0, 0, 0, 0, 0, 0, 0, 0, 0, 0, 4950, 0, 0, 0, 0, 0, 0, 0, 0, 0, 0, 0, 0, 0, 0, 0, 0, 0, 0, 0, 0, 0, 0, 0, 0, 0, 0, 0, 0, 0, 0, 0, 0, 0, 0, 0, 0, 0, 0, 0, 0, 0, 0, 0, 0, 0, 0, 0, 0, 0, 0, 0, 0, 0, 0, 0, 0, 0, 0, 0, 0, 0, 0, 0, 0, 0, 0, 0, 0, 0, 0, 0, 0, 0, 0, 0, 0, 0, 0, 0, 0, 0, 0, 0]
Allocation: [0, 0, 0, 0, 0, 0, 0, 0, 0, 0, 0, 0, 0, 0, 0, 0, 50, 0, 0, 0, 0, 0, 0, 0, 0, 0, 0, 0, 0, 0, 0, 0, 0, 0, 0, 0, 0, 0, 0, 0, 0, 0, 0, 0, 0, 0, 0, 0, 0, 0, 0, 0, 0, 0, 0, 0, 0, 0, 0, 0, 0, 0, 0, 0, 0, 0, 0, 0, 0, 0, 0, 0, 0, 0, 0, 0, 0, 0, 0, 0, 0, 0, 0, 0, 0, 0, 0, 0, 0, 0, 0, 0, 0, 0, 0, 0, 0, 0, 0, 0]
====================
入札者数: 100, 財の個数: 50
入札額: [16, 100, 66, 37, 10, 82, 61, 18, 67, 89, 82, 46, 81, 19, 31, 96, 89, 88, 13, 48, 24, 59, 61, 10, 93, 14, 94, 64, 84, 61, 39, 34, 83, 31, 96, 38, 14, 90, 74, 19, 46, 40, 28, 93, 97, 23, 52, 65, 35, 62, 17, 56, 66, 50, 83, 69, 100, 32, 89, 62, 10, 66, 98, 79, 12, 26, 47, 56, 74, 52, 87, 19, 96, 60, 91, 29, 63, 53, 84, 42, 36, 88, 50, 50, 44, 75, 99, 99, 28, 52, 48, 62, 45, 31, 52, 92, 83, 49, 29, 44]
payment: [0, 5000, 0, 0, 0, 0, 0, 0, 0, 0, 0, 0, 0, 0, 0, 0, 0, 0, 0, 0, 0, 0, 0, 0, 0, 0, 0, 0, 0, 0, 0, 0, 0, 0, 0, 0, 0, 0, 0, 0, 0, 0, 0, 0, 0, 0, 0, 0, 0, 0, 0, 0, 0, 0, 0, 0, 0, 0, 0, 0, 0, 0, 0, 0, 0, 0, 0, 0, 0, 0, 0, 0, 0, 0, 0, 0, 0, 0, 0, 0, 0, 0, 0, 0, 0, 0, 0, 0, 0, 0, 0, 0, 0, 0, 0, 0, 0, 0, 0, 0]
Allocation: [0, 50, 0, 0, 0, 0, 0, 0, 0, 0, 0, 0, 0, 0, 0, 0, 0, 0, 0, 0, 0, 0, 0, 0, 0, 0, 0, 0, 0, 0, 0, 0, 0, 0, 0, 0, 0, 0, 0, 0, 0, 0, 0, 0, 0, 0, 0, 0, 0, 0, 0, 0, 0, 0, 0, 0, 0, 0, 0, 0, 0, 0, 0, 0, 0, 0, 0, 0, 0, 0, 0, 0, 0, 0, 0, 0, 0, 0, 0, 0, 0, 0, 0, 0, 0, 0, 0, 0, 0, 0, 0, 0, 0, 0, 0, 0, 0, 0, 0, 0]
====================
入札者数: 100, 財の個数: 50
入札額: [55, 28, 62, 87, 92, 36, 18, 41, 69, 32, 29, 88, 65, 100, 84, 10, 84, 29, 20, 38, 55, 34, 54, 29, 26, 49, 26, 64, 70, 91, 65, 37, 56, 99, 54, 78, 10, 55, 94, 17, 95, 63, 39, 91, 96, 80, 71, 62, 14, 48, 62, 25, 27, 73, 46, 83, 70, 49, 26, 25, 85, 100, 62, 70, 41, 59, 88, 85, 31, 43, 69, 47, 57, 11, 84, 72, 37, 85, 16, 29, 33, 74, 34, 57, 95, 80, 50, 33, 37, 73, 67, 76, 97, 68, 16, 67, 15, 60, 74, 14]
payment: [0, 0, 0, 0, 0, 0, 0, 0, 0, 0, 0, 0, 0, 5000, 0, 0, 0, 0, 0, 0, 0, 0, 0, 0, 0, 0, 0, 0, 0, 0, 0, 0, 0, 0, 0, 0, 0, 0, 0, 0, 0, 0, 0, 0, 0, 0, 0, 0, 0, 0, 0, 0, 0, 0, 0, 0, 0, 0, 0, 0, 0, 0, 0, 0, 0, 0, 0, 0, 0, 0, 0, 0, 0, 0, 0, 0, 0, 0, 0, 0, 0, 0, 0, 0, 0, 0, 0, 0, 0, 0, 0, 0, 0, 0, 0, 0, 0, 0, 0, 0]
Allocation: [0, 0, 0, 0, 0, 0, 0, 0, 0, 0, 0, 0, 0, 50, 0, 0, 0, 0, 0, 0, 0, 0, 0, 0, 0, 0, 0, 0, 0, 0, 0, 0, 0, 0, 0, 0, 0, 0, 0, 0, 0, 0, 0, 0, 0, 0, 0, 0, 0, 0, 0, 0, 0, 0, 0, 0, 0, 0, 0, 0, 0, 0, 0, 0, 0, 0, 0, 0, 0, 0, 0, 0, 0, 0, 0, 0, 0, 0, 0, 0, 0, 0, 0, 0, 0, 0, 0, 0, 0, 0, 0, 0, 0, 0, 0, 0, 0, 0, 0, 0]
====================
入札者数: 100, 財の個数: 50
入札額: [11, 12, 21, 62, 21, 45, 23, 95, 51, 85, 77, 23, 40, 91, 79, 99, 79, 23, 42, 31, 89, 23, 40, 89, 75, 10, 34, 27, 95, 82, 48, 99, 30, 32, 72, 22, 31, 89, 19, 10, 11, 35, 29, 58, 100, 95, 26, 71, 84, 12, 27, 20, 32, 16, 52, 82, 64, 69, 100, 77, 24, 59, 94, 21, 31, 49, 64, 61, 75, 63, 40, 46, 55, 69, 75, 92, 24, 88, 47, 82, 96, 54, 63, 83, 24, 77, 36, 42, 11, 56, 23, 28, 97, 48, 29, 43, 61, 17, 60, 81]
payment: [0, 0, 0, 0, 0, 0, 0, 0, 0, 0, 0, 0, 0, 0, 0, 0, 0, 0, 0, 0, 0, 0, 0, 0, 0, 0, 0, 0, 0, 0, 0, 0, 0, 0, 0, 0, 0, 0, 0, 0, 0, 0, 0, 0, 5000, 0, 0, 0, 0, 0, 0, 0, 0, 0, 0, 0, 0, 0, 0, 0, 0, 0, 0, 0, 0, 0, 0, 0, 0, 0, 0, 0, 0, 0, 0, 0, 0, 0, 0, 0, 0, 0, 0, 0, 0, 0, 0, 0, 0, 0, 0, 0, 0, 0, 0, 0, 0, 0, 0, 0]
Allocation: [0, 0, 0, 0, 0, 0, 0, 0, 0, 0, 0, 0, 0, 0, 0, 0, 0, 0, 0, 0, 0, 0, 0, 0, 0, 0, 0, 0, 0, 0, 0, 0, 0, 0, 0, 0, 0, 0, 0, 0, 0, 0, 0, 0, 50, 0, 0, 0, 0, 0, 0, 0, 0, 0, 0, 0, 0, 0, 0, 0, 0, 0, 0, 0, 0, 0, 0, 0, 0, 0, 0, 0, 0, 0, 0, 0, 0, 0, 0, 0, 0, 0, 0, 0, 0, 0, 0, 0, 0, 0, 0, 0, 0, 0, 0, 0, 0, 0, 0, 0]
====================
入札者数: 100, 財の個数: 50
入札額: [91, 24, 68, 84, 99, 72, 25, 82, 46, 58, 67, 58, 100, 70, 68, 69, 98, 29, 30, 34, 72, 68, 18, 80, 77, 78, 68, 82, 35, 98, 33, 100, 86, 13, 16, 49, 45, 92, 68, 24, 42, 75, 83, 49, 57, 89, 78, 90, 95, 73, 71, 25, 75, 96, 97, 70, 55, 28, 66, 42, 52, 32, 33, 63, 73, 49, 100, 18, 13, 70, 45, 55, 76, 91, 59, 41, 23, 97, 35, 49, 11, 70, 43, 51, 29, 53, 15, 89, 53, 92, 16, 90, 27, 33, 13, 21, 41, 34, 81, 32]
payment: [0, 0, 0, 0, 0, 0, 0, 0, 0, 0, 0, 0, 5000, 0, 0, 0, 0, 0, 0, 0, 0, 0, 0, 0, 0, 0, 0, 0, 0, 0, 0, 0, 0, 0, 0, 0, 0, 0, 0, 0, 0, 0, 0, 0, 0, 0, 0, 0, 0, 0, 0, 0, 0, 0, 0, 0, 0, 0, 0, 0, 0, 0, 0, 0, 0, 0, 0, 0, 0, 0, 0, 0, 0, 0, 0, 0, 0, 0, 0, 0, 0, 0, 0, 0, 0, 0, 0, 0, 0, 0, 0, 0, 0, 0, 0, 0, 0, 0, 0, 0]
Allocation: [0, 0, 0, 0, 0, 0, 0, 0, 0, 0, 0, 0, 50, 0, 0, 0, 0, 0, 0, 0, 0, 0, 0, 0, 0, 0, 0, 0, 0, 0, 0, 0, 0, 0, 0, 0, 0, 0, 0, 0, 0, 0, 0, 0, 0, 0, 0, 0, 0, 0, 0, 0, 0, 0, 0, 0, 0, 0, 0, 0, 0, 0, 0, 0, 0, 0, 0, 0, 0, 0, 0, 0, 0, 0, 0, 0, 0, 0, 0, 0, 0, 0, 0, 0, 0, 0, 0, 0, 0, 0, 0, 0, 0, 0, 0, 0, 0, 0, 0, 0]
====================
入札者数: 100, 財の個数: 50
入札額: [100, 11, 56, 73, 94, 87, 34, 43, 42, 40, 15, 69, 46, 17, 39, 78, 40, 67, 19, 47, 50, 57, 71, 84, 82, 33, 64, 75, 50, 13, 54, 82, 53, 21, 75, 44, 35, 23, 69, 81, 83, 67, 58, 72, 93, 81, 13, 64, 76, 63, 92, 40, 43, 11, 43, 45, 42, 90, 89, 96, 77, 85, 38, 23, 65, 90, 33, 90, 83, 73, 13, 99, 23, 84, 74, 15, 86, 96, 31, 32, 41, 45, 39, 46, 11, 88, 31, 35, 94, 96, 22, 28, 24, 38, 50, 56, 99, 46, 29, 26]
payment: [4950, 0, 0, 0, 0, 0, 0, 0, 0, 0, 0, 0, 0, 0, 0, 0, 0, 0, 0, 0, 0, 0, 0, 0, 0, 0, 0, 0, 0, 0, 0, 0, 0, 0, 0, 0, 0, 0, 0, 0, 0, 0, 0, 0, 0, 0, 0, 0, 0, 0, 0, 0, 0, 0, 0, 0, 0, 0, 0, 0, 0, 0, 0, 0, 0, 0, 0, 0, 0, 0, 0, 0, 0, 0, 0, 0, 0, 0, 0, 0, 0, 0, 0, 0, 0, 0, 0, 0, 0, 0, 0, 0, 0, 0, 0, 0, 0, 0, 0, 0]
Allocation: [50, 0, 0, 0, 0, 0, 0, 0, 0, 0, 0, 0, 0, 0, 0, 0, 0, 0, 0, 0, 0, 0, 0, 0, 0, 0, 0, 0, 0, 0, 0, 0, 0, 0, 0, 0, 0, 0, 0, 0, 0, 0, 0, 0, 0, 0, 0, 0, 0, 0, 0, 0, 0, 0, 0, 0, 0, 0, 0, 0, 0, 0, 0, 0, 0, 0, 0, 0, 0, 0, 0, 0, 0, 0, 0, 0, 0, 0, 0, 0, 0, 0, 0, 0, 0, 0, 0, 0, 0, 0, 0, 0, 0, 0, 0, 0, 0, 0, 0, 0]
====================
入札者数: 100, 財の個数: 50
入札額: [99, 16, 63, 55, 89, 10, 74, 25, 43, 43, 73, 54, 99, 46, 66, 63, 66, 74, 81, 73, 43, 18, 56, 99, 23, 76, 61, 53, 100, 33, 33, 95, 67, 16, 35, 94, 31, 48, 32, 27, 79, 99, 23, 52, 19, 72, 29, 17, 11, 88, 61, 67, 46, 13, 32, 56, 11, 71, 58, 29, 97, 23, 89, 10, 90, 88, 23, 93, 40, 74, 57, 17, 78, 71, 66, 59, 79, 64, 36, 43, 63, 29, 46, 36, 87, 43, 19, 19, 49, 67, 55, 40, 71, 33, 41, 17, 76, 28, 64, 61]
payment: [0, 0, 0, 0, 0, 0, 0, 0, 0, 0, 0, 0, 0, 0, 0, 0, 0, 0, 0, 0, 0, 0, 0, 0, 0, 0, 0, 0, 4950, 0, 0, 0, 0, 0, 0, 0, 0, 0, 0, 0, 0, 0, 0, 0, 0, 0, 0, 0, 0, 0, 0, 0, 0, 0, 0, 0, 0, 0, 0, 0, 0, 0, 0, 0, 0, 0, 0, 0, 0, 0, 0, 0, 0, 0, 0, 0, 0, 0, 0, 0, 0, 0, 0, 0, 0, 0, 0, 0, 0, 0, 0, 0, 0, 0, 0, 0, 0, 0, 0, 0]
Allocation: [0, 0, 0, 0, 0, 0, 0, 0, 0, 0, 0, 0, 0, 0, 0, 0, 0, 0, 0, 0, 0, 0, 0, 0, 0, 0, 0, 0, 50, 0, 0, 0, 0, 0, 0, 0, 0, 0, 0, 0, 0, 0, 0, 0, 0, 0, 0, 0, 0, 0, 0, 0, 0, 0, 0, 0, 0, 0, 0, 0, 0, 0, 0, 0, 0, 0, 0, 0, 0, 0, 0, 0, 0, 0, 0, 0, 0, 0, 0, 0, 0, 0, 0, 0, 0, 0, 0, 0, 0, 0, 0, 0, 0, 0, 0, 0, 0, 0, 0, 0]
====================
入札者数: 100, 財の個数: 50
入札額: [73, 32, 28, 84, 31, 83, 57, 71, 88, 18, 63, 87, 67, 86, 57, 26, 13, 62, 16, 28, 76, 15, 33, 14, 91, 47, 17, 75, 33, 32, 79, 70, 69, 28, 94, 18, 18, 65, 46, 86, 53, 53, 12, 24, 96, 74, 87, 62, 48, 93, 64, 91, 66, 70, 48, 56, 60, 68, 88, 78, 17, 61, 16, 100, 27, 92, 41, 83, 77, 39, 43, 10, 70, 35, 53, 77, 92, 100, 61, 14, 26, 50, 93, 16, 55, 14, 80, 46, 98, 44, 61, 11, 51, 40, 10, 82, 87, 52, 95, 33]
payment: [0, 0, 0, 0, 0, 0, 0, 0, 0, 0, 0, 0, 0, 0, 0, 0, 0, 0, 0, 0, 0, 0, 0, 0, 0, 0, 0, 0, 0, 0, 0, 0, 0, 0, 0, 0, 0, 0, 0, 0, 0, 0, 0, 0, 0, 0, 0, 0, 0, 0, 0, 0, 0, 0, 0, 0, 0, 0, 0, 0, 0, 0, 0, 5000, 0, 0, 0, 0, 0, 0, 0, 0, 0, 0, 0, 0, 0, 0, 0, 0, 0, 0, 0, 0, 0, 0, 0, 0, 0, 0, 0, 0, 0, 0, 0, 0, 0, 0, 0, 0]
Allocation: [0, 0, 0, 0, 0, 0, 0, 0, 0, 0, 0, 0, 0, 0, 0, 0, 0, 0, 0, 0, 0, 0, 0, 0, 0, 0, 0, 0, 0, 0, 0, 0, 0, 0, 0, 0, 0, 0, 0, 0, 0, 0, 0, 0, 0, 0, 0, 0, 0, 0, 0, 0, 0, 0, 0, 0, 0, 0, 0, 0, 0, 0, 0, 50, 0, 0, 0, 0, 0, 0, 0, 0, 0, 0, 0, 0, 0, 0, 0, 0, 0, 0, 0, 0, 0, 0, 0, 0, 0, 0, 0, 0, 0, 0, 0, 0, 0, 0, 0, 0]
====================
入札者数: 100, 財の個数: 50
入札額: [58, 44, 59, 75, 31, 29, 15, 54, 82, 100, 87, 77, 100, 17, 58, 79, 18, 17, 60, 61, 13, 59, 64, 74, 12, 27, 37, 90, 25, 63, 50, 30, 43, 27, 27, 56, 55, 84, 94, 82, 51, 84, 65, 91, 60, 89, 78, 15, 53, 100, 79, 24, 37, 25, 58, 70, 35, 69, 14, 95, 67, 64, 85, 70, 63, 35, 26, 86, 36, 58, 71, 59, 88, 95, 59, 31, 31, 71, 32, 100, 37, 74, 67, 92, 32, 81, 11, 49, 69, 94, 82, 90, 39, 17, 11, 32, 83, 38, 17, 36]
payment: [0, 0, 0, 0, 0, 0, 0, 0, 0, 5000, 0, 0, 0, 0, 0, 0, 0, 0, 0, 0, 0, 0, 0, 0, 0, 0, 0, 0, 0, 0, 0, 0, 0, 0, 0, 0, 0, 0, 0, 0, 0, 0, 0, 0, 0, 0, 0, 0, 0, 0, 0, 0, 0, 0, 0, 0, 0, 0, 0, 0, 0, 0, 0, 0, 0, 0, 0, 0, 0, 0, 0, 0, 0, 0, 0, 0, 0, 0, 0, 0, 0, 0, 0, 0, 0, 0, 0, 0, 0, 0, 0, 0, 0, 0, 0, 0, 0, 0, 0, 0]
Allocation: [0, 0, 0, 0, 0, 0, 0, 0, 0, 50, 0, 0, 0, 0, 0, 0, 0, 0, 0, 0, 0, 0, 0, 0, 0, 0, 0, 0, 0, 0, 0, 0, 0, 0, 0, 0, 0, 0, 0, 0, 0, 0, 0, 0, 0, 0, 0, 0, 0, 0, 0, 0, 0, 0, 0, 0, 0, 0, 0, 0, 0, 0, 0, 0, 0, 0, 0, 0, 0, 0, 0, 0, 0, 0, 0, 0, 0, 0, 0, 0, 0, 0, 0, 0, 0, 0, 0, 0, 0, 0, 0, 0, 0, 0, 0, 0, 0, 0, 0, 0]
====================
入札者数: 100, 財の個数: 50
入札額: [64, 35, 10, 20, 20, 63, 47, 87, 45, 70, 44, 56, 82, 66, 35, 92, 28, 96, 36, 69, 81, 12, 81, 76, 93, 42, 96, 90, 76, 12, 28, 96, 54, 47, 17, 10, 52, 19, 29, 75, 85, 11, 11, 46, 43, 73, 13, 68, 91, 40, 57, 95, 63, 93, 28, 79, 10, 92, 97, 32, 66, 79, 38, 19, 35, 11, 66, 27, 49, 65, 21, 11, 61, 70, 69, 17, 70, 99, 92, 56, 25, 29, 20, 96, 51, 25, 73, 93, 25, 92, 52, 24, 53, 69, 95, 70, 88, 29, 77, 54]
payment: [0, 0, 0, 0, 0, 0, 0, 0, 0, 0, 0, 0, 0, 0, 0, 0, 0, 0, 0, 0, 0, 0, 0, 0, 0, 0, 0, 0, 0, 0, 0, 0, 0, 0, 0, 0, 0, 0, 0, 0, 0, 0, 0, 0, 0, 0, 0, 0, 0, 0, 0, 0, 0, 0, 0, 0, 0, 0, 0, 0, 0, 0, 0, 0, 0, 0, 0, 0, 0, 0, 0, 0, 0, 0, 0, 0, 0, 4850, 0, 0, 0, 0, 0, 0, 0, 0, 0, 0, 0, 0, 0, 0, 0, 0, 0, 0, 0, 0, 0, 0]
Allocation: [0, 0, 0, 0, 0, 0, 0, 0, 0, 0, 0, 0, 0, 0, 0, 0, 0, 0, 0, 0, 0, 0, 0, 0, 0, 0, 0, 0, 0, 0, 0, 0, 0, 0, 0, 0, 0, 0, 0, 0, 0, 0, 0, 0, 0, 0, 0, 0, 0, 0, 0, 0, 0, 0, 0, 0, 0, 0, 0, 0, 0, 0, 0, 0, 0, 0, 0, 0, 0, 0, 0, 0, 0, 0, 0, 0, 0, 50, 0, 0, 0, 0, 0, 0, 0, 0, 0, 0, 0, 0, 0, 0, 0, 0, 0, 0, 0, 0, 0, 0]
平均実行時間: 0.986521 秒
