====================
入札者数: 50, 財の個数: 50
入札額: [78, 12, 10, 55, 58, 44, 61, 90, 21, 44, 20, 82, 13, 97, 17, 45, 49, 59, 13, 42, 72, 87, 67, 23, 64, 73, 83, 16, 49, 20, 56, 24, 52, 35, 83, 24, 54, 59, 32, 40, 28, 92, 72, 64, 75, 96, 88, 79, 44, 80]
payment: [0, 0, 0, 0, 0, 0, 0, 0, 0, 0, 0, 0, 0, 4800, 0, 0, 0, 0, 0, 0, 0, 0, 0, 0, 0, 0, 0, 0, 0, 0, 0, 0, 0, 0, 0, 0, 0, 0, 0, 0, 0, 0, 0, 0, 0, 0, 0, 0, 0, 0]
Allocation: [0, 0, 0, 0, 0, 0, 0, 0, 0, 0, 0, 0, 0, 50, 0, 0, 0, 0, 0, 0, 0, 0, 0, 0, 0, 0, 0, 0, 0, 0, 0, 0, 0, 0, 0, 0, 0, 0, 0, 0, 0, 0, 0, 0, 0, 0, 0, 0, 0, 0]
====================
入札者数: 50, 財の個数: 50
入札額: [22, 86, 29, 99, 97, 42, 62, 54, 99, 41, 86, 82, 12, 100, 46, 19, 29, 93, 43, 28, 95, 62, 62, 100, 82, 54, 12, 20, 59, 71, 34, 55, 45, 68, 50, 90, 76, 57, 22, 31, 59, 67, 80, 16, 50, 74, 79, 83, 97, 31]
payment: [0, 0, 0, 0, 0, 0, 0, 0, 0, 0, 0, 0, 0, 5000, 0, 0, 0, 0, 0, 0, 0, 0, 0, 0, 0, 0, 0, 0, 0, 0, 0, 0, 0, 0, 0, 0, 0, 0, 0, 0, 0, 0, 0, 0, 0, 0, 0, 0, 0, 0]
Allocation: [0, 0, 0, 0, 0, 0, 0, 0, 0, 0, 0, 0, 0, 50, 0, 0, 0, 0, 0, 0, 0, 0, 0, 0, 0, 0, 0, 0, 0, 0, 0, 0, 0, 0, 0, 0, 0, 0, 0, 0, 0, 0, 0, 0, 0, 0, 0, 0, 0, 0]
====================
入札者数: 50, 財の個数: 50
入札額: [35, 39, 64, 56, 31, 17, 54, 72, 81, 13, 72, 48, 10, 76, 95, 62, 60, 52, 98, 19, 79, 85, 61, 63, 63, 66, 51, 80, 71, 63, 29, 34, 72, 71, 79, 29, 93, 95, 96, 79, 76, 17, 34, 77, 69, 35, 42, 60, 82, 75]
payment: [0, 0, 0, 0, 0, 0, 0, 0, 0, 0, 0, 0, 0, 0, 0, 0, 0, 0, 4800, 0, 0, 0, 0, 0, 0, 0, 0, 0, 0, 0, 0, 0, 0, 0, 0, 0, 0, 0, 0, 0, 0, 0, 0, 0, 0, 0, 0, 0, 0, 0]
Allocation: [0, 0, 0, 0, 0, 0, 0, 0, 0, 0, 0, 0, 0, 0, 0, 0, 0, 0, 50, 0, 0, 0, 0, 0, 0, 0, 0, 0, 0, 0, 0, 0, 0, 0, 0, 0, 0, 0, 0, 0, 0, 0, 0, 0, 0, 0, 0, 0, 0, 0]
====================
入札者数: 50, 財の個数: 50
入札額: [56, 56, 40, 51, 22, 70, 93, 65, 18, 15, 98, 94, 15, 29, 88, 46, 26, 56, 43, 27, 69, 58, 91, 96, 23, 70, 33, 72, 11, 80, 87, 28, 63, 82, 71, 50, 21, 78, 17, 68, 35, 70, 31, 37, 10, 37, 98, 60, 76, 14]
payment: [0, 0, 0, 0, 0, 0, 0, 0, 0, 0, 4900, 0, 0, 0, 0, 0, 0, 0, 0, 0, 0, 0, 0, 0, 0, 0, 0, 0, 0, 0, 0, 0, 0, 0, 0, 0, 0, 0, 0, 0, 0, 0, 0, 0, 0, 0, 0, 0, 0, 0]
Allocation: [0, 0, 0, 0, 0, 0, 0, 0, 0, 0, 50, 0, 0, 0, 0, 0, 0, 0, 0, 0, 0, 0, 0, 0, 0, 0, 0, 0, 0, 0, 0, 0, 0, 0, 0, 0, 0, 0, 0, 0, 0, 0, 0, 0, 0, 0, 0, 0, 0, 0]
====================
入札者数: 50, 財の個数: 50
入札額: [68, 60, 46, 72, 88, 55, 75, 73, 36, 64, 27, 21, 69, 24, 15, 66, 28, 68, 91, 45, 44, 87, 54, 59, 57, 60, 90, 83, 20, 93, 52, 89, 45, 24, 69, 95, 18, 52, 78, 82, 32, 90, 42, 69, 83, 95, 33, 54, 61, 86]
payment: [0, 0, 0, 0, 0, 0, 0, 0, 0, 0, 0, 0, 0, 0, 0, 0, 0, 0, 0, 0, 0, 0, 0, 0, 0, 0, 0, 0, 0, 0, 0, 0, 0, 0, 0, 4750, 0, 0, 0, 0, 0, 0, 0, 0, 0, 0, 0, 0, 0, 0]
Allocation: [0, 0, 0, 0, 0, 0, 0, 0, 0, 0, 0, 0, 0, 0, 0, 0, 0, 0, 0, 0, 0, 0, 0, 0, 0, 0, 0, 0, 0, 0, 0, 0, 0, 0, 0, 50, 0, 0, 0, 0, 0, 0, 0, 0, 0, 0, 0, 0, 0, 0]
====================
入札者数: 50, 財の個数: 50
入札額: [24, 77, 84, 67, 78, 72, 12, 78, 38, 87, 86, 76, 87, 46, 78, 59, 100, 93, 44, 21, 27, 22, 68, 36, 81, 38, 66, 50, 24, 57, 51, 73, 12, 12, 91, 73, 100, 99, 49, 15, 56, 18, 12, 93, 20, 97, 47, 55, 26, 80]
payment: [0, 0, 0, 0, 0, 0, 0, 0, 0, 0, 0, 0, 0, 0, 0, 0, 5000, 0, 0, 0, 0, 0, 0, 0, 0, 0, 0, 0, 0, 0, 0, 0, 0, 0, 0, 0, 0, 0, 0, 0, 0, 0, 0, 0, 0, 0, 0, 0, 0, 0]
Allocation: [0, 0, 0, 0, 0, 0, 0, 0, 0, 0, 0, 0, 0, 0, 0, 0, 50, 0, 0, 0, 0, 0, 0, 0, 0, 0, 0, 0, 0, 0, 0, 0, 0, 0, 0, 0, 0, 0, 0, 0, 0, 0, 0, 0, 0, 0, 0, 0, 0, 0]
====================
入札者数: 50, 財の個数: 50
入札額: [88, 68, 24, 99, 44, 40, 56, 38, 32, 42, 49, 63, 69, 17, 20, 85, 28, 63, 91, 66, 15, 100, 99, 61, 51, 97, 81, 85, 75, 90, 20, 56, 15, 65, 25, 34, 56, 27, 12, 40, 99, 85, 29, 93, 33, 72, 96, 94, 92, 41]
payment: [0, 0, 0, 0, 0, 0, 0, 0, 0, 0, 0, 0, 0, 0, 0, 0, 0, 0, 0, 0, 0, 4950, 0, 0, 0, 0, 0, 0, 0, 0, 0, 0, 0, 0, 0, 0, 0, 0, 0, 0, 0, 0, 0, 0, 0, 0, 0, 0, 0, 0]
Allocation: [0, 0, 0, 0, 0, 0, 0, 0, 0, 0, 0, 0, 0, 0, 0, 0, 0, 0, 0, 0, 0, 50, 0, 0, 0, 0, 0, 0, 0, 0, 0, 0, 0, 0, 0, 0, 0, 0, 0, 0, 0, 0, 0, 0, 0, 0, 0, 0, 0, 0]
====================
入札者数: 50, 財の個数: 50
入札額: [55, 77, 80, 19, 83, 55, 61, 71, 100, 24, 58, 62, 41, 25, 30, 46, 67, 87, 48, 72, 35, 52, 67, 31, 40, 70, 37, 69, 18, 71, 53, 24, 78, 63, 73, 52, 67, 71, 31, 20, 37, 15, 93, 83, 96, 27, 24, 34, 23, 26]
payment: [0, 0, 0, 0, 0, 0, 0, 0, 4800, 0, 0, 0, 0, 0, 0, 0, 0, 0, 0, 0, 0, 0, 0, 0, 0, 0, 0, 0, 0, 0, 0, 0, 0, 0, 0, 0, 0, 0, 0, 0, 0, 0, 0, 0, 0, 0, 0, 0, 0, 0]
Allocation: [0, 0, 0, 0, 0, 0, 0, 0, 50, 0, 0, 0, 0, 0, 0, 0, 0, 0, 0, 0, 0, 0, 0, 0, 0, 0, 0, 0, 0, 0, 0, 0, 0, 0, 0, 0, 0, 0, 0, 0, 0, 0, 0, 0, 0, 0, 0, 0, 0, 0]
====================
入札者数: 50, 財の個数: 50
入札額: [52, 41, 63, 15, 40, 26, 84, 58, 29, 19, 34, 83, 16, 15, 23, 55, 46, 33, 34, 72, 59, 62, 13, 64, 26, 44, 13, 28, 46, 62, 22, 48, 41, 20, 98, 17, 94, 86, 26, 49, 19, 71, 43, 11, 75, 94, 53, 21, 76, 76]
payment: [0, 0, 0, 0, 0, 0, 0, 0, 0, 0, 0, 0, 0, 0, 0, 0, 0, 0, 0, 0, 0, 0, 0, 0, 0, 0, 0, 0, 0, 0, 0, 0, 0, 0, 4700, 0, 0, 0, 0, 0, 0, 0, 0, 0, 0, 0, 0, 0, 0, 0]
Allocation: [0, 0, 0, 0, 0, 0, 0, 0, 0, 0, 0, 0, 0, 0, 0, 0, 0, 0, 0, 0, 0, 0, 0, 0, 0, 0, 0, 0, 0, 0, 0, 0, 0, 0, 50, 0, 0, 0, 0, 0, 0, 0, 0, 0, 0, 0, 0, 0, 0, 0]
====================
入札者数: 50, 財の個数: 50
入札額: [92, 40, 56, 74, 70, 76, 32, 73, 95, 36, 44, 47, 66, 82, 67, 62, 33, 31, 55, 21, 85, 16, 99, 41, 81, 24, 69, 16, 95, 25, 86, 46, 88, 26, 49, 39, 65, 24, 10, 81, 48, 81, 38, 65, 15, 94, 94, 24, 66, 19]
payment: [0, 0, 0, 0, 0, 0, 0, 0, 0, 0, 0, 0, 0, 0, 0, 0, 0, 0, 0, 0, 0, 0, 4750, 0, 0, 0, 0, 0, 0, 0, 0, 0, 0, 0, 0, 0, 0, 0, 0, 0, 0, 0, 0, 0, 0, 0, 0, 0, 0, 0]
Allocation: [0, 0, 0, 0, 0, 0, 0, 0, 0, 0, 0, 0, 0, 0, 0, 0, 0, 0, 0, 0, 0, 0, 50, 0, 0, 0, 0, 0, 0, 0, 0, 0, 0, 0, 0, 0, 0, 0, 0, 0, 0, 0, 0, 0, 0, 0, 0, 0, 0, 0]
平均実行時間: 0.251865 秒
