====================
入札者数: 100, 財の個数: 30
入札額: [51, 14, 97, 17, 68, 35, 95, 50, 46, 65, 36, 56, 68, 54, 99, 93, 44, 30, 72, 74, 34, 42, 87, 28, 96, 70, 16, 24, 97, 61, 76, 22, 83, 84, 60, 95, 40, 47, 65, 83, 54, 71, 34, 89, 72, 44, 57, 55, 100, 70, 94, 65, 10, 60, 95, 73, 67, 42, 75, 30, 59, 61, 25, 83, 18, 28, 79, 90, 84, 61, 22, 29, 95, 96, 70, 78, 45, 62, 14, 61, 32, 61, 54, 78, 69, 87, 51, 51, 58, 46, 82, 88, 98, 86, 20, 95, 91, 44, 15, 38]
payment: [0, 0, 0, 0, 0, 0, 0, 0, 0, 0, 0, 0, 0, 0, 0, 0, 0, 0, 0, 0, 0, 0, 0, 0, 0, 0, 0, 0, 0, 0, 0, 0, 0, 0, 0, 0, 0, 0, 0, 0, 0, 0, 0, 0, 0, 0, 0, 0, 2970, 0, 0, 0, 0, 0, 0, 0, 0, 0, 0, 0, 0, 0, 0, 0, 0, 0, 0, 0, 0, 0, 0, 0, 0, 0, 0, 0, 0, 0, 0, 0, 0, 0, 0, 0, 0, 0, 0, 0, 0, 0, 0, 0, 0, 0, 0, 0, 0, 0, 0, 0]
Allocation: [0, 0, 0, 0, 0, 0, 0, 0, 0, 0, 0, 0, 0, 0, 0, 0, 0, 0, 0, 0, 0, 0, 0, 0, 0, 0, 0, 0, 0, 0, 0, 0, 0, 0, 0, 0, 0, 0, 0, 0, 0, 0, 0, 0, 0, 0, 0, 0, 30, 0, 0, 0, 0, 0, 0, 0, 0, 0, 0, 0, 0, 0, 0, 0, 0, 0, 0, 0, 0, 0, 0, 0, 0, 0, 0, 0, 0, 0, 0, 0, 0, 0, 0, 0, 0, 0, 0, 0, 0, 0, 0, 0, 0, 0, 0, 0, 0, 0, 0, 0]
====================
入札者数: 100, 財の個数: 30
入札額: [94, 32, 35, 85, 73, 67, 98, 18, 92, 69, 75, 84, 57, 74, 24, 23, 16, 84, 63, 83, 62, 89, 72, 26, 88, 70, 39, 40, 92, 11, 53, 90, 29, 69, 77, 29, 60, 51, 87, 85, 24, 56, 15, 91, 11, 82, 47, 70, 45, 10, 26, 91, 31, 27, 46, 58, 50, 98, 29, 70, 86, 77, 69, 47, 49, 77, 91, 66, 74, 21, 86, 33, 51, 54, 39, 55, 81, 48, 98, 34, 36, 26, 64, 52, 17, 17, 31, 85, 33, 38, 70, 76, 70, 84, 49, 64, 57, 43, 81, 83]
payment: [0, 0, 0, 0, 0, 0, 2940, 0, 0, 0, 0, 0, 0, 0, 0, 0, 0, 0, 0, 0, 0, 0, 0, 0, 0, 0, 0, 0, 0, 0, 0, 0, 0, 0, 0, 0, 0, 0, 0, 0, 0, 0, 0, 0, 0, 0, 0, 0, 0, 0, 0, 0, 0, 0, 0, 0, 0, 0, 0, 0, 0, 0, 0, 0, 0, 0, 0, 0, 0, 0, 0, 0, 0, 0, 0, 0, 0, 0, 0, 0, 0, 0, 0, 0, 0, 0, 0, 0, 0, 0, 0, 0, 0, 0, 0, 0, 0, 0, 0, 0]
Allocation: [0, 0, 0, 0, 0, 0, 30, 0, 0, 0, 0, 0, 0, 0, 0, 0, 0, 0, 0, 0, 0, 0, 0, 0, 0, 0, 0, 0, 0, 0, 0, 0, 0, 0, 0, 0, 0, 0, 0, 0, 0, 0, 0, 0, 0, 0, 0, 0, 0, 0, 0, 0, 0, 0, 0, 0, 0, 0, 0, 0, 0, 0, 0, 0, 0, 0, 0, 0, 0, 0, 0, 0, 0, 0, 0, 0, 0, 0, 0, 0, 0, 0, 0, 0, 0, 0, 0, 0, 0, 0, 0, 0, 0, 0, 0, 0, 0, 0, 0, 0]
====================
入札者数: 100, 財の個数: 30
入札額: [100, 53, 77, 48, 75, 83, 63, 65, 44, 69, 78, 52, 46, 49, 66, 80, 19, 75, 57, 32, 76, 61, 66, 95, 36, 86, 80, 66, 67, 74, 66, 47, 57, 84, 74, 66, 39, 51, 56, 65, 60, 39, 51, 82, 34, 40, 20, 87, 21, 49, 78, 61, 19, 79, 36, 69, 66, 25, 48, 48, 93, 41, 74, 37, 97, 92, 79, 20, 16, 92, 20, 96, 40, 55, 50, 25, 33, 76, 93, 87, 42, 83, 85, 20, 52, 67, 39, 81, 86, 28, 98, 88, 18, 94, 34, 91, 21, 63, 72, 74]
payment: [2940, 0, 0, 0, 0, 0, 0, 0, 0, 0, 0, 0, 0, 0, 0, 0, 0, 0, 0, 0, 0, 0, 0, 0, 0, 0, 0, 0, 0, 0, 0, 0, 0, 0, 0, 0, 0, 0, 0, 0, 0, 0, 0, 0, 0, 0, 0, 0, 0, 0, 0, 0, 0, 0, 0, 0, 0, 0, 0, 0, 0, 0, 0, 0, 0, 0, 0, 0, 0, 0, 0, 0, 0, 0, 0, 0, 0, 0, 0, 0, 0, 0, 0, 0, 0, 0, 0, 0, 0, 0, 0, 0, 0, 0, 0, 0, 0, 0, 0, 0]
Allocation: [30, 0, 0, 0, 0, 0, 0, 0, 0, 0, 0, 0, 0, 0, 0, 0, 0, 0, 0, 0, 0, 0, 0, 0, 0, 0, 0, 0, 0, 0, 0, 0, 0, 0, 0, 0, 0, 0, 0, 0, 0, 0, 0, 0, 0, 0, 0, 0, 0, 0, 0, 0, 0, 0, 0, 0, 0, 0, 0, 0, 0, 0, 0, 0, 0, 0, 0, 0, 0, 0, 0, 0, 0, 0, 0, 0, 0, 0, 0, 0, 0, 0, 0, 0, 0, 0, 0, 0, 0, 0, 0, 0, 0, 0, 0, 0, 0, 0, 0, 0]
====================
入札者数: 100, 財の個数: 30
入札額: [72, 44, 71, 69, 96, 99, 53, 40, 11, 78, 78, 54, 94, 43, 60, 64, 27, 40, 67, 93, 95, 20, 34, 56, 37, 69, 13, 83, 92, 22, 29, 78, 20, 19, 10, 23, 30, 53, 99, 22, 52, 13, 24, 91, 56, 79, 94, 23, 96, 83, 49, 34, 89, 98, 80, 72, 79, 52, 78, 29, 13, 35, 71, 74, 52, 44, 23, 86, 84, 21, 60, 75, 21, 48, 37, 82, 92, 90, 31, 75, 14, 75, 79, 43, 96, 98, 90, 27, 77, 45, 10, 48, 34, 27, 100, 49, 95, 78, 15, 99]
payment: [0, 0, 0, 0, 0, 0, 0, 0, 0, 0, 0, 0, 0, 0, 0, 0, 0, 0, 0, 0, 0, 0, 0, 0, 0, 0, 0, 0, 0, 0, 0, 0, 0, 0, 0, 0, 0, 0, 0, 0, 0, 0, 0, 0, 0, 0, 0, 0, 0, 0, 0, 0, 0, 0, 0, 0, 0, 0, 0, 0, 0, 0, 0, 0, 0, 0, 0, 0, 0, 0, 0, 0, 0, 0, 0, 0, 0, 0, 0, 0, 0, 0, 0, 0, 0, 0, 0, 0, 0, 0, 0, 0, 0, 0, 2970, 0, 0, 0, 0, 0]
Allocation: [0, 0, 0, 0, 0, 0, 0, 0, 0, 0, 0, 0, 0, 0, 0, 0, 0, 0, 0, 0, 0, 0, 0, 0, 0, 0, 0, 0, 0, 0, 0, 0, 0, 0, 0, 0, 0, 0, 0, 0, 0, 0, 0, 0, 0, 0, 0, 0, 0, 0, 0, 0, 0, 0, 0, 0, 0, 0, 0, 0, 0, 0, 0, 0, 0, 0, 0, 0, 0, 0, 0, 0, 0, 0, 0, 0, 0, 0, 0, 0, 0, 0, 0, 0, 0, 0, 0, 0, 0, 0, 0, 0, 0, 0, 30, 0, 0, 0, 0, 0]
====================
入札者数: 100, 財の個数: 30
入札額: [75, 35, 31, 87, 58, 84, 60, 45, 81, 22, 62, 77, 83, 76, 95, 22, 36, 20, 71, 55, 63, 33, 52, 76, 24, 53, 39, 68, 69, 69, 26, 95, 42, 27, 39, 35, 78, 75, 82, 89, 67, 95, 42, 56, 89, 44, 50, 86, 31, 63, 88, 62, 72, 47, 100, 33, 63, 54, 84, 93, 21, 53, 88, 91, 12, 61, 75, 76, 19, 15, 11, 80, 22, 88, 44, 28, 64, 82, 92, 68, 53, 88, 58, 60, 23, 11, 27, 73, 74, 22, 23, 50, 36, 96, 91, 39, 47, 81, 81, 61]
payment: [0, 0, 0, 0, 0, 0, 0, 0, 0, 0, 0, 0, 0, 0, 0, 0, 0, 0, 0, 0, 0, 0, 0, 0, 0, 0, 0, 0, 0, 0, 0, 0, 0, 0, 0, 0, 0, 0, 0, 0, 0, 0, 0, 0, 0, 0, 0, 0, 0, 0, 0, 0, 0, 0, 2880, 0, 0, 0, 0, 0, 0, 0, 0, 0, 0, 0, 0, 0, 0, 0, 0, 0, 0, 0, 0, 0, 0, 0, 0, 0, 0, 0, 0, 0, 0, 0, 0, 0, 0, 0, 0, 0, 0, 0, 0, 0, 0, 0, 0, 0]
Allocation: [0, 0, 0, 0, 0, 0, 0, 0, 0, 0, 0, 0, 0, 0, 0, 0, 0, 0, 0, 0, 0, 0, 0, 0, 0, 0, 0, 0, 0, 0, 0, 0, 0, 0, 0, 0, 0, 0, 0, 0, 0, 0, 0, 0, 0, 0, 0, 0, 0, 0, 0, 0, 0, 0, 30, 0, 0, 0, 0, 0, 0, 0, 0, 0, 0, 0, 0, 0, 0, 0, 0, 0, 0, 0, 0, 0, 0, 0, 0, 0, 0, 0, 0, 0, 0, 0, 0, 0, 0, 0, 0, 0, 0, 0, 0, 0, 0, 0, 0, 0]
====================
入札者数: 100, 財の個数: 30
入札額: [58, 100, 38, 81, 87, 24, 87, 38, 82, 33, 48, 75, 64, 97, 53, 95, 55, 45, 28, 100, 90, 63, 90, 39, 66, 40, 40, 62, 91, 50, 16, 35, 29, 32, 80, 12, 10, 52, 17, 70, 66, 89, 91, 56, 97, 80, 77, 31, 65, 55, 69, 17, 69, 74, 42, 57, 53, 53, 97, 30, 34, 32, 24, 65, 94, 97, 63, 99, 70, 47, 31, 91, 45, 28, 13, 21, 32, 25, 44, 27, 67, 25, 99, 35, 22, 12, 29, 61, 96, 17, 67, 52, 14, 100, 48, 46, 63, 65, 62, 66]
payment: [0, 3000, 0, 0, 0, 0, 0, 0, 0, 0, 0, 0, 0, 0, 0, 0, 0, 0, 0, 0, 0, 0, 0, 0, 0, 0, 0, 0, 0, 0, 0, 0, 0, 0, 0, 0, 0, 0, 0, 0, 0, 0, 0, 0, 0, 0, 0, 0, 0, 0, 0, 0, 0, 0, 0, 0, 0, 0, 0, 0, 0, 0, 0, 0, 0, 0, 0, 0, 0, 0, 0, 0, 0, 0, 0, 0, 0, 0, 0, 0, 0, 0, 0, 0, 0, 0, 0, 0, 0, 0, 0, 0, 0, 0, 0, 0, 0, 0, 0, 0]
Allocation: [0, 30, 0, 0, 0, 0, 0, 0, 0, 0, 0, 0, 0, 0, 0, 0, 0, 0, 0, 0, 0, 0, 0, 0, 0, 0, 0, 0, 0, 0, 0, 0, 0, 0, 0, 0, 0, 0, 0, 0, 0, 0, 0, 0, 0, 0, 0, 0, 0, 0, 0, 0, 0, 0, 0, 0, 0, 0, 0, 0, 0, 0, 0, 0, 0, 0, 0, 0, 0, 0, 0, 0, 0, 0, 0, 0, 0, 0, 0, 0, 0, 0, 0, 0, 0, 0, 0, 0, 0, 0, 0, 0, 0, 0, 0, 0, 0, 0, 0, 0]
====================
入札者数: 100, 財の個数: 30
入札額: [72, 46, 71, 78, 92, 10, 58, 72, 13, 55, 46, 99, 77, 83, 93, 94, 77, 97, 19, 65, 39, 79, 13, 79, 28, 54, 62, 33, 50, 43, 63, 66, 59, 44, 63, 71, 43, 22, 46, 61, 20, 60, 55, 93, 87, 78, 100, 91, 49, 55, 72, 100, 81, 48, 21, 93, 14, 25, 75, 31, 70, 28, 31, 88, 27, 91, 18, 69, 42, 54, 97, 43, 16, 45, 39, 86, 36, 86, 34, 83, 42, 43, 97, 83, 98, 24, 27, 94, 19, 41, 54, 79, 24, 92, 10, 10, 25, 70, 24, 67]
payment: [0, 0, 0, 0, 0, 0, 0, 0, 0, 0, 0, 0, 0, 0, 0, 0, 0, 0, 0, 0, 0, 0, 0, 0, 0, 0, 0, 0, 0, 0, 0, 0, 0, 0, 0, 0, 0, 0, 0, 0, 0, 0, 0, 0, 0, 0, 3000, 0, 0, 0, 0, 0, 0, 0, 0, 0, 0, 0, 0, 0, 0, 0, 0, 0, 0, 0, 0, 0, 0, 0, 0, 0, 0, 0, 0, 0, 0, 0, 0, 0, 0, 0, 0, 0, 0, 0, 0, 0, 0, 0, 0, 0, 0, 0, 0, 0, 0, 0, 0, 0]
Allocation: [0, 0, 0, 0, 0, 0, 0, 0, 0, 0, 0, 0, 0, 0, 0, 0, 0, 0, 0, 0, 0, 0, 0, 0, 0, 0, 0, 0, 0, 0, 0, 0, 0, 0, 0, 0, 0, 0, 0, 0, 0, 0, 0, 0, 0, 0, 30, 0, 0, 0, 0, 0, 0, 0, 0, 0, 0, 0, 0, 0, 0, 0, 0, 0, 0, 0, 0, 0, 0, 0, 0, 0, 0, 0, 0, 0, 0, 0, 0, 0, 0, 0, 0, 0, 0, 0, 0, 0, 0, 0, 0, 0, 0, 0, 0, 0, 0, 0, 0, 0]
====================
入札者数: 100, 財の個数: 30
入札額: [73, 83, 74, 81, 81, 16, 56, 26, 82, 24, 36, 55, 77, 62, 64, 96, 18, 82, 10, 71, 45, 88, 19, 64, 18, 17, 89, 94, 35, 25, 64, 68, 44, 18, 61, 75, 13, 27, 69, 32, 55, 40, 60, 95, 63, 53, 42, 98, 47, 94, 42, 81, 31, 14, 58, 14, 82, 47, 16, 78, 13, 35, 96, 74, 55, 82, 70, 19, 14, 79, 55, 47, 63, 58, 71, 51, 14, 71, 95, 93, 76, 95, 58, 96, 82, 30, 88, 72, 27, 55, 10, 11, 49, 97, 97, 32, 30, 94, 84, 24]
payment: [0, 0, 0, 0, 0, 0, 0, 0, 0, 0, 0, 0, 0, 0, 0, 0, 0, 0, 0, 0, 0, 0, 0, 0, 0, 0, 0, 0, 0, 0, 0, 0, 0, 0, 0, 0, 0, 0, 0, 0, 0, 0, 0, 0, 0, 0, 0, 2910, 0, 0, 0, 0, 0, 0, 0, 0, 0, 0, 0, 0, 0, 0, 0, 0, 0, 0, 0, 0, 0, 0, 0, 0, 0, 0, 0, 0, 0, 0, 0, 0, 0, 0, 0, 0, 0, 0, 0, 0, 0, 0, 0, 0, 0, 0, 0, 0, 0, 0, 0, 0]
Allocation: [0, 0, 0, 0, 0, 0, 0, 0, 0, 0, 0, 0, 0, 0, 0, 0, 0, 0, 0, 0, 0, 0, 0, 0, 0, 0, 0, 0, 0, 0, 0, 0, 0, 0, 0, 0, 0, 0, 0, 0, 0, 0, 0, 0, 0, 0, 0, 30, 0, 0, 0, 0, 0, 0, 0, 0, 0, 0, 0, 0, 0, 0, 0, 0, 0, 0, 0, 0, 0, 0, 0, 0, 0, 0, 0, 0, 0, 0, 0, 0, 0, 0, 0, 0, 0, 0, 0, 0, 0, 0, 0, 0, 0, 0, 0, 0, 0, 0, 0, 0]
====================
入札者数: 100, 財の個数: 30
入札額: [75, 43, 25, 93, 32, 92, 95, 43, 52, 97, 80, 66, 46, 89, 51, 30, 16, 90, 13, 67, 22, 22, 38, 80, 41, 20, 41, 52, 52, 31, 14, 23, 57, 46, 72, 52, 16, 93, 48, 51, 84, 98, 54, 82, 11, 51, 47, 42, 79, 32, 68, 12, 16, 11, 48, 87, 76, 65, 31, 48, 91, 50, 75, 63, 71, 66, 88, 34, 83, 42, 75, 41, 33, 43, 69, 74, 57, 13, 75, 71, 33, 42, 81, 45, 75, 51, 91, 32, 66, 10, 32, 50, 88, 95, 80, 93, 98, 26, 12, 79]
payment: [0, 0, 0, 0, 0, 0, 0, 0, 0, 0, 0, 0, 0, 0, 0, 0, 0, 0, 0, 0, 0, 0, 0, 0, 0, 0, 0, 0, 0, 0, 0, 0, 0, 0, 0, 0, 0, 0, 0, 0, 0, 2940, 0, 0, 0, 0, 0, 0, 0, 0, 0, 0, 0, 0, 0, 0, 0, 0, 0, 0, 0, 0, 0, 0, 0, 0, 0, 0, 0, 0, 0, 0, 0, 0, 0, 0, 0, 0, 0, 0, 0, 0, 0, 0, 0, 0, 0, 0, 0, 0, 0, 0, 0, 0, 0, 0, 0, 0, 0, 0]
Allocation: [0, 0, 0, 0, 0, 0, 0, 0, 0, 0, 0, 0, 0, 0, 0, 0, 0, 0, 0, 0, 0, 0, 0, 0, 0, 0, 0, 0, 0, 0, 0, 0, 0, 0, 0, 0, 0, 0, 0, 0, 0, 30, 0, 0, 0, 0, 0, 0, 0, 0, 0, 0, 0, 0, 0, 0, 0, 0, 0, 0, 0, 0, 0, 0, 0, 0, 0, 0, 0, 0, 0, 0, 0, 0, 0, 0, 0, 0, 0, 0, 0, 0, 0, 0, 0, 0, 0, 0, 0, 0, 0, 0, 0, 0, 0, 0, 0, 0, 0, 0]
====================
入札者数: 100, 財の個数: 30
入札額: [96, 54, 92, 47, 96, 21, 86, 37, 75, 85, 81, 67, 80, 80, 68, 13, 47, 84, 46, 54, 49, 36, 12, 50, 15, 45, 36, 32, 77, 40, 63, 38, 82, 66, 54, 67, 62, 27, 31, 59, 44, 53, 54, 72, 59, 39, 91, 84, 65, 85, 29, 90, 26, 19, 56, 24, 63, 32, 46, 28, 100, 43, 43, 12, 61, 86, 81, 73, 78, 81, 42, 75, 72, 35, 86, 13, 70, 48, 74, 45, 70, 60, 76, 15, 43, 13, 13, 46, 57, 35, 67, 81, 15, 17, 41, 91, 69, 96, 53, 30]
payment: [0, 0, 0, 0, 0, 0, 0, 0, 0, 0, 0, 0, 0, 0, 0, 0, 0, 0, 0, 0, 0, 0, 0, 0, 0, 0, 0, 0, 0, 0, 0, 0, 0, 0, 0, 0, 0, 0, 0, 0, 0, 0, 0, 0, 0, 0, 0, 0, 0, 0, 0, 0, 0, 0, 0, 0, 0, 0, 0, 0, 2880, 0, 0, 0, 0, 0, 0, 0, 0, 0, 0, 0, 0, 0, 0, 0, 0, 0, 0, 0, 0, 0, 0, 0, 0, 0, 0, 0, 0, 0, 0, 0, 0, 0, 0, 0, 0, 0, 0, 0]
Allocation: [0, 0, 0, 0, 0, 0, 0, 0, 0, 0, 0, 0, 0, 0, 0, 0, 0, 0, 0, 0, 0, 0, 0, 0, 0, 0, 0, 0, 0, 0, 0, 0, 0, 0, 0, 0, 0, 0, 0, 0, 0, 0, 0, 0, 0, 0, 0, 0, 0, 0, 0, 0, 0, 0, 0, 0, 0, 0, 0, 0, 30, 0, 0, 0, 0, 0, 0, 0, 0, 0, 0, 0, 0, 0, 0, 0, 0, 0, 0, 0, 0, 0, 0, 0, 0, 0, 0, 0, 0, 0, 0, 0, 0, 0, 0, 0, 0, 0, 0, 0]
平均実行時間: 0.390109 秒
