====================
入札者数: 200, 財の個数: 50
入札額: [78, 12, 32, 12, 93, 30, 54, 86, 37, 97, 42, 60, 91, 56, 27, 88, 30, 79, 22, 40, 41, 62, 29, 81, 16, 30, 69, 67, 41, 67, 65, 36, 89, 70, 30, 26, 60, 83, 87, 33, 13, 45, 87, 90, 21, 42, 16, 16, 59, 24, 32, 25, 41, 84, 41, 44, 54, 93, 64, 90, 48, 66, 15, 100, 70, 61, 81, 29, 10, 33, 15, 74, 51, 12, 84, 98, 37, 86, 61, 62, 68, 18, 58, 92, 64, 40, 28, 58, 25, 32, 80, 17, 40, 17, 60, 70, 70, 77, 63, 84, 84, 63, 87, 73, 16, 59, 88, 91, 63, 76, 51, 32, 46, 57, 100, 12, 94, 52, 59, 56, 63, 15, 63, 82, 46, 15, 32, 51, 54, 27, 71, 95, 35, 44, 53, 31, 37, 39, 93, 94, 49, 75, 20, 29, 76, 77, 33, 54, 57, 62, 33, 44, 22, 58, 83, 43, 17, 63, 47, 79, 71, 68, 21, 30, 25, 17, 71, 76, 89, 55, 13, 21, 53, 96, 55, 32, 83, 22, 42, 37, 63, 27, 86, 12, 88, 70, 83, 29, 35, 34, 98, 24, 19, 31, 38, 12, 60, 27, 65, 91]
payment: [0, 0, 0, 0, 0, 0, 0, 0, 0, 0, 0, 0, 0, 0, 0, 0, 0, 0, 0, 0, 0, 0, 0, 0, 0, 0, 0, 0, 0, 0, 0, 0, 0, 0, 0, 0, 0, 0, 0, 0, 0, 0, 0, 0, 0, 0, 0, 0, 0, 0, 0, 0, 0, 0, 0, 0, 0, 0, 0, 0, 0, 0, 0, 5000, 0, 0, 0, 0, 0, 0, 0, 0, 0, 0, 0, 0, 0, 0, 0, 0, 0, 0, 0, 0, 0, 0, 0, 0, 0, 0, 0, 0, 0, 0, 0, 0, 0, 0, 0, 0, 0, 0, 0, 0, 0, 0, 0, 0, 0, 0, 0, 0, 0, 0, 0, 0, 0, 0, 0, 0, 0, 0, 0, 0, 0, 0, 0, 0, 0, 0, 0, 0, 0, 0, 0, 0, 0, 0, 0, 0, 0, 0, 0, 0, 0, 0, 0, 0, 0, 0, 0, 0, 0, 0, 0, 0, 0, 0, 0, 0, 0, 0, 0, 0, 0, 0, 0, 0, 0, 0, 0, 0, 0, 0, 0, 0, 0, 0, 0, 0, 0, 0, 0, 0, 0, 0, 0, 0, 0, 0, 0, 0, 0, 0, 0, 0, 0, 0, 0, 0]
Allocation: [0, 0, 0, 0, 0, 0, 0, 0, 0, 0, 0, 0, 0, 0, 0, 0, 0, 0, 0, 0, 0, 0, 0, 0, 0, 0, 0, 0, 0, 0, 0, 0, 0, 0, 0, 0, 0, 0, 0, 0, 0, 0, 0, 0, 0, 0, 0, 0, 0, 0, 0, 0, 0, 0, 0, 0, 0, 0, 0, 0, 0, 0, 0, 50, 0, 0, 0, 0, 0, 0, 0, 0, 0, 0, 0, 0, 0, 0, 0, 0, 0, 0, 0, 0, 0, 0, 0, 0, 0, 0, 0, 0, 0, 0, 0, 0, 0, 0, 0, 0, 0, 0, 0, 0, 0, 0, 0, 0, 0, 0, 0, 0, 0, 0, 0, 0, 0, 0, 0, 0, 0, 0, 0, 0, 0, 0, 0, 0, 0, 0, 0, 0, 0, 0, 0, 0, 0, 0, 0, 0, 0, 0, 0, 0, 0, 0, 0, 0, 0, 0, 0, 0, 0, 0, 0, 0, 0, 0, 0, 0, 0, 0, 0, 0, 0, 0, 0, 0, 0, 0, 0, 0, 0, 0, 0, 0, 0, 0, 0, 0, 0, 0, 0, 0, 0, 0, 0, 0, 0, 0, 0, 0, 0, 0, 0, 0, 0, 0, 0, 0]
====================
入札者数: 200, 財の個数: 50
入札額: [13, 55, 14, 67, 21, 19, 32, 75, 67, 98, 28, 61, 52, 37, 28, 93, 42, 96, 61, 35, 80, 41, 88, 50, 91, 39, 50, 82, 23, 31, 89, 54, 70, 77, 67, 25, 41, 61, 24, 29, 86, 65, 54, 23, 73, 81, 93, 29, 97, 80, 14, 26, 69, 23, 56, 29, 52, 22, 36, 62, 88, 90, 95, 45, 45, 28, 77, 50, 44, 15, 91, 10, 53, 24, 100, 33, 18, 16, 92, 84, 47, 16, 50, 82, 20, 79, 67, 80, 89, 66, 33, 16, 70, 86, 16, 80, 71, 67, 34, 71, 53, 96, 25, 53, 89, 57, 10, 26, 24, 92, 83, 69, 92, 57, 34, 42, 98, 54, 27, 94, 53, 89, 15, 93, 73, 50, 66, 20, 99, 11, 71, 38, 78, 54, 65, 40, 84, 17, 67, 78, 11, 62, 29, 50, 22, 21, 61, 16, 23, 29, 49, 30, 68, 11, 73, 14, 72, 94, 74, 11, 15, 62, 28, 78, 79, 94, 94, 12, 32, 32, 48, 46, 75, 70, 96, 47, 33, 67, 43, 76, 24, 13, 58, 80, 19, 50, 78, 75, 95, 36, 78, 76, 18, 51, 96, 69, 36, 85, 86, 61]
payment: [0, 0, 0, 0, 0, 0, 0, 0, 0, 0, 0, 0, 0, 0, 0, 0, 0, 0, 0, 0, 0, 0, 0, 0, 0, 0, 0, 0, 0, 0, 0, 0, 0, 0, 0, 0, 0, 0, 0, 0, 0, 0, 0, 0, 0, 0, 0, 0, 0, 0, 0, 0, 0, 0, 0, 0, 0, 0, 0, 0, 0, 0, 0, 0, 0, 0, 0, 0, 0, 0, 0, 0, 0, 0, 4950, 0, 0, 0, 0, 0, 0, 0, 0, 0, 0, 0, 0, 0, 0, 0, 0, 0, 0, 0, 0, 0, 0, 0, 0, 0, 0, 0, 0, 0, 0, 0, 0, 0, 0, 0, 0, 0, 0, 0, 0, 0, 0, 0, 0, 0, 0, 0, 0, 0, 0, 0, 0, 0, 0, 0, 0, 0, 0, 0, 0, 0, 0, 0, 0, 0, 0, 0, 0, 0, 0, 0, 0, 0, 0, 0, 0, 0, 0, 0, 0, 0, 0, 0, 0, 0, 0, 0, 0, 0, 0, 0, 0, 0, 0, 0, 0, 0, 0, 0, 0, 0, 0, 0, 0, 0, 0, 0, 0, 0, 0, 0, 0, 0, 0, 0, 0, 0, 0, 0, 0, 0, 0, 0, 0, 0]
Allocation: [0, 0, 0, 0, 0, 0, 0, 0, 0, 0, 0, 0, 0, 0, 0, 0, 0, 0, 0, 0, 0, 0, 0, 0, 0, 0, 0, 0, 0, 0, 0, 0, 0, 0, 0, 0, 0, 0, 0, 0, 0, 0, 0, 0, 0, 0, 0, 0, 0, 0, 0, 0, 0, 0, 0, 0, 0, 0, 0, 0, 0, 0, 0, 0, 0, 0, 0, 0, 0, 0, 0, 0, 0, 0, 50, 0, 0, 0, 0, 0, 0, 0, 0, 0, 0, 0, 0, 0, 0, 0, 0, 0, 0, 0, 0, 0, 0, 0, 0, 0, 0, 0, 0, 0, 0, 0, 0, 0, 0, 0, 0, 0, 0, 0, 0, 0, 0, 0, 0, 0, 0, 0, 0, 0, 0, 0, 0, 0, 0, 0, 0, 0, 0, 0, 0, 0, 0, 0, 0, 0, 0, 0, 0, 0, 0, 0, 0, 0, 0, 0, 0, 0, 0, 0, 0, 0, 0, 0, 0, 0, 0, 0, 0, 0, 0, 0, 0, 0, 0, 0, 0, 0, 0, 0, 0, 0, 0, 0, 0, 0, 0, 0, 0, 0, 0, 0, 0, 0, 0, 0, 0, 0, 0, 0, 0, 0, 0, 0, 0, 0]
====================
入札者数: 200, 財の個数: 50
入札額: [21, 23, 97, 28, 88, 24, 26, 32, 21, 92, 33, 46, 18, 29, 21, 20, 82, 57, 20, 75, 67, 19, 38, 41, 68, 47, 51, 62, 96, 95, 10, 76, 86, 62, 21, 58, 96, 81, 74, 76, 11, 69, 10, 38, 14, 30, 28, 15, 50, 94, 43, 96, 64, 14, 76, 61, 10, 59, 55, 64, 92, 79, 41, 25, 68, 72, 39, 35, 45, 21, 65, 41, 55, 34, 17, 17, 29, 56, 64, 85, 22, 42, 57, 74, 42, 10, 36, 84, 37, 24, 94, 84, 98, 15, 34, 18, 36, 61, 25, 11, 98, 59, 84, 93, 17, 73, 85, 99, 68, 43, 49, 55, 15, 61, 41, 59, 60, 63, 59, 91, 84, 30, 92, 97, 53, 38, 20, 80, 56, 16, 55, 57, 14, 18, 63, 29, 89, 67, 54, 11, 67, 28, 39, 38, 54, 18, 95, 40, 48, 91, 45, 90, 43, 59, 31, 52, 31, 63, 40, 62, 28, 37, 98, 17, 74, 10, 79, 41, 62, 58, 21, 55, 71, 24, 47, 65, 90, 61, 48, 69, 45, 36, 21, 100, 68, 93, 31, 57, 50, 77, 82, 44, 39, 86, 15, 79, 34, 41, 18, 72]
payment: [0, 0, 0, 0, 0, 0, 0, 0, 0, 0, 0, 0, 0, 0, 0, 0, 0, 0, 0, 0, 0, 0, 0, 0, 0, 0, 0, 0, 0, 0, 0, 0, 0, 0, 0, 0, 0, 0, 0, 0, 0, 0, 0, 0, 0, 0, 0, 0, 0, 0, 0, 0, 0, 0, 0, 0, 0, 0, 0, 0, 0, 0, 0, 0, 0, 0, 0, 0, 0, 0, 0, 0, 0, 0, 0, 0, 0, 0, 0, 0, 0, 0, 0, 0, 0, 0, 0, 0, 0, 0, 0, 0, 0, 0, 0, 0, 0, 0, 0, 0, 0, 0, 0, 0, 0, 0, 0, 0, 0, 0, 0, 0, 0, 0, 0, 0, 0, 0, 0, 0, 0, 0, 0, 0, 0, 0, 0, 0, 0, 0, 0, 0, 0, 0, 0, 0, 0, 0, 0, 0, 0, 0, 0, 0, 0, 0, 0, 0, 0, 0, 0, 0, 0, 0, 0, 0, 0, 0, 0, 0, 0, 0, 0, 0, 0, 0, 0, 0, 0, 0, 0, 0, 0, 0, 0, 0, 0, 0, 0, 0, 0, 0, 0, 4950, 0, 0, 0, 0, 0, 0, 0, 0, 0, 0, 0, 0, 0, 0, 0, 0]
Allocation: [0, 0, 0, 0, 0, 0, 0, 0, 0, 0, 0, 0, 0, 0, 0, 0, 0, 0, 0, 0, 0, 0, 0, 0, 0, 0, 0, 0, 0, 0, 0, 0, 0, 0, 0, 0, 0, 0, 0, 0, 0, 0, 0, 0, 0, 0, 0, 0, 0, 0, 0, 0, 0, 0, 0, 0, 0, 0, 0, 0, 0, 0, 0, 0, 0, 0, 0, 0, 0, 0, 0, 0, 0, 0, 0, 0, 0, 0, 0, 0, 0, 0, 0, 0, 0, 0, 0, 0, 0, 0, 0, 0, 0, 0, 0, 0, 0, 0, 0, 0, 0, 0, 0, 0, 0, 0, 0, 0, 0, 0, 0, 0, 0, 0, 0, 0, 0, 0, 0, 0, 0, 0, 0, 0, 0, 0, 0, 0, 0, 0, 0, 0, 0, 0, 0, 0, 0, 0, 0, 0, 0, 0, 0, 0, 0, 0, 0, 0, 0, 0, 0, 0, 0, 0, 0, 0, 0, 0, 0, 0, 0, 0, 0, 0, 0, 0, 0, 0, 0, 0, 0, 0, 0, 0, 0, 0, 0, 0, 0, 0, 0, 0, 0, 50, 0, 0, 0, 0, 0, 0, 0, 0, 0, 0, 0, 0, 0, 0, 0, 0]
====================
入札者数: 200, 財の個数: 50
入札額: [55, 55, 47, 10, 90, 83, 36, 54, 100, 23, 49, 75, 19, 76, 62, 25, 13, 61, 56, 28, 47, 84, 51, 79, 67, 86, 98, 54, 73, 29, 63, 83, 58, 62, 73, 94, 71, 58, 18, 14, 82, 84, 38, 52, 75, 91, 69, 33, 64, 24, 100, 46, 26, 63, 33, 87, 19, 42, 43, 74, 47, 93, 76, 27, 86, 19, 79, 96, 52, 50, 63, 34, 10, 12, 46, 67, 72, 75, 64, 96, 72, 58, 91, 72, 88, 91, 55, 11, 48, 47, 92, 95, 27, 49, 82, 60, 49, 12, 53, 90, 47, 87, 16, 56, 57, 13, 12, 40, 87, 74, 87, 84, 22, 60, 95, 69, 24, 94, 39, 29, 34, 91, 23, 90, 11, 41, 10, 90, 77, 38, 11, 38, 43, 31, 66, 22, 49, 62, 35, 85, 30, 76, 89, 35, 48, 25, 52, 27, 43, 49, 15, 52, 55, 61, 15, 71, 97, 64, 84, 42, 85, 18, 54, 40, 77, 59, 14, 35, 47, 43, 44, 70, 28, 42, 58, 86, 66, 86, 35, 26, 34, 87, 76, 91, 83, 93, 79, 52, 28, 75, 26, 93, 67, 13, 29, 55, 20, 36, 17, 88]
payment: [0, 0, 0, 0, 0, 0, 0, 0, 5000, 0, 0, 0, 0, 0, 0, 0, 0, 0, 0, 0, 0, 0, 0, 0, 0, 0, 0, 0, 0, 0, 0, 0, 0, 0, 0, 0, 0, 0, 0, 0, 0, 0, 0, 0, 0, 0, 0, 0, 0, 0, 0, 0, 0, 0, 0, 0, 0, 0, 0, 0, 0, 0, 0, 0, 0, 0, 0, 0, 0, 0, 0, 0, 0, 0, 0, 0, 0, 0, 0, 0, 0, 0, 0, 0, 0, 0, 0, 0, 0, 0, 0, 0, 0, 0, 0, 0, 0, 0, 0, 0, 0, 0, 0, 0, 0, 0, 0, 0, 0, 0, 0, 0, 0, 0, 0, 0, 0, 0, 0, 0, 0, 0, 0, 0, 0, 0, 0, 0, 0, 0, 0, 0, 0, 0, 0, 0, 0, 0, 0, 0, 0, 0, 0, 0, 0, 0, 0, 0, 0, 0, 0, 0, 0, 0, 0, 0, 0, 0, 0, 0, 0, 0, 0, 0, 0, 0, 0, 0, 0, 0, 0, 0, 0, 0, 0, 0, 0, 0, 0, 0, 0, 0, 0, 0, 0, 0, 0, 0, 0, 0, 0, 0, 0, 0, 0, 0, 0, 0, 0, 0]
Allocation: [0, 0, 0, 0, 0, 0, 0, 0, 50, 0, 0, 0, 0, 0, 0, 0, 0, 0, 0, 0, 0, 0, 0, 0, 0, 0, 0, 0, 0, 0, 0, 0, 0, 0, 0, 0, 0, 0, 0, 0, 0, 0, 0, 0, 0, 0, 0, 0, 0, 0, 0, 0, 0, 0, 0, 0, 0, 0, 0, 0, 0, 0, 0, 0, 0, 0, 0, 0, 0, 0, 0, 0, 0, 0, 0, 0, 0, 0, 0, 0, 0, 0, 0, 0, 0, 0, 0, 0, 0, 0, 0, 0, 0, 0, 0, 0, 0, 0, 0, 0, 0, 0, 0, 0, 0, 0, 0, 0, 0, 0, 0, 0, 0, 0, 0, 0, 0, 0, 0, 0, 0, 0, 0, 0, 0, 0, 0, 0, 0, 0, 0, 0, 0, 0, 0, 0, 0, 0, 0, 0, 0, 0, 0, 0, 0, 0, 0, 0, 0, 0, 0, 0, 0, 0, 0, 0, 0, 0, 0, 0, 0, 0, 0, 0, 0, 0, 0, 0, 0, 0, 0, 0, 0, 0, 0, 0, 0, 0, 0, 0, 0, 0, 0, 0, 0, 0, 0, 0, 0, 0, 0, 0, 0, 0, 0, 0, 0, 0, 0, 0]
====================
入札者数: 200, 財の個数: 50
入札額: [28, 94, 12, 89, 39, 54, 39, 83, 70, 10, 74, 84, 38, 81, 90, 86, 27, 70, 72, 28, 23, 74, 24, 52, 49, 48, 55, 43, 37, 72, 66, 16, 35, 25, 78, 37, 14, 59, 25, 62, 27, 83, 58, 40, 11, 31, 32, 33, 77, 41, 84, 42, 19, 17, 48, 60, 59, 52, 62, 68, 93, 100, 59, 53, 18, 61, 98, 86, 88, 96, 20, 57, 98, 54, 53, 86, 16, 40, 67, 56, 86, 93, 74, 36, 28, 80, 56, 75, 38, 71, 75, 43, 36, 24, 63, 47, 55, 80, 67, 36, 54, 98, 39, 64, 39, 47, 72, 24, 74, 10, 12, 86, 53, 31, 32, 14, 38, 15, 48, 89, 24, 34, 43, 90, 79, 79, 87, 94, 62, 53, 32, 25, 25, 25, 66, 79, 93, 94, 43, 18, 15, 88, 99, 37, 37, 34, 68, 95, 15, 96, 32, 15, 44, 69, 37, 35, 75, 52, 68, 92, 23, 16, 99, 76, 20, 41, 34, 48, 59, 69, 72, 57, 24, 76, 68, 83, 73, 77, 100, 10, 11, 89, 99, 42, 100, 60, 99, 27, 85, 97, 21, 62, 39, 13, 54, 10, 21, 97, 62, 92]
payment: [0, 0, 0, 0, 0, 0, 0, 0, 0, 0, 0, 0, 0, 0, 0, 0, 0, 0, 0, 0, 0, 0, 0, 0, 0, 0, 0, 0, 0, 0, 0, 0, 0, 0, 0, 0, 0, 0, 0, 0, 0, 0, 0, 0, 0, 0, 0, 0, 0, 0, 0, 0, 0, 0, 0, 0, 0, 0, 0, 0, 0, 5000, 0, 0, 0, 0, 0, 0, 0, 0, 0, 0, 0, 0, 0, 0, 0, 0, 0, 0, 0, 0, 0, 0, 0, 0, 0, 0, 0, 0, 0, 0, 0, 0, 0, 0, 0, 0, 0, 0, 0, 0, 0, 0, 0, 0, 0, 0, 0, 0, 0, 0, 0, 0, 0, 0, 0, 0, 0, 0, 0, 0, 0, 0, 0, 0, 0, 0, 0, 0, 0, 0, 0, 0, 0, 0, 0, 0, 0, 0, 0, 0, 0, 0, 0, 0, 0, 0, 0, 0, 0, 0, 0, 0, 0, 0, 0, 0, 0, 0, 0, 0, 0, 0, 0, 0, 0, 0, 0, 0, 0, 0, 0, 0, 0, 0, 0, 0, 0, 0, 0, 0, 0, 0, 0, 0, 0, 0, 0, 0, 0, 0, 0, 0, 0, 0, 0, 0, 0, 0]
Allocation: [0, 0, 0, 0, 0, 0, 0, 0, 0, 0, 0, 0, 0, 0, 0, 0, 0, 0, 0, 0, 0, 0, 0, 0, 0, 0, 0, 0, 0, 0, 0, 0, 0, 0, 0, 0, 0, 0, 0, 0, 0, 0, 0, 0, 0, 0, 0, 0, 0, 0, 0, 0, 0, 0, 0, 0, 0, 0, 0, 0, 0, 50, 0, 0, 0, 0, 0, 0, 0, 0, 0, 0, 0, 0, 0, 0, 0, 0, 0, 0, 0, 0, 0, 0, 0, 0, 0, 0, 0, 0, 0, 0, 0, 0, 0, 0, 0, 0, 0, 0, 0, 0, 0, 0, 0, 0, 0, 0, 0, 0, 0, 0, 0, 0, 0, 0, 0, 0, 0, 0, 0, 0, 0, 0, 0, 0, 0, 0, 0, 0, 0, 0, 0, 0, 0, 0, 0, 0, 0, 0, 0, 0, 0, 0, 0, 0, 0, 0, 0, 0, 0, 0, 0, 0, 0, 0, 0, 0, 0, 0, 0, 0, 0, 0, 0, 0, 0, 0, 0, 0, 0, 0, 0, 0, 0, 0, 0, 0, 0, 0, 0, 0, 0, 0, 0, 0, 0, 0, 0, 0, 0, 0, 0, 0, 0, 0, 0, 0, 0, 0]
====================
入札者数: 200, 財の個数: 50
入札額: [91, 35, 64, 72, 16, 27, 40, 87, 44, 25, 57, 19, 72, 13, 14, 19, 38, 91, 65, 80, 50, 31, 57, 65, 49, 33, 84, 81, 57, 80, 95, 39, 86, 85, 91, 33, 23, 45, 93, 39, 52, 16, 46, 11, 62, 44, 25, 45, 16, 31, 81, 81, 87, 15, 48, 27, 88, 96, 28, 13, 49, 76, 75, 14, 90, 57, 85, 24, 99, 93, 73, 83, 87, 68, 89, 65, 60, 44, 94, 35, 69, 94, 46, 63, 88, 69, 99, 20, 73, 78, 90, 76, 99, 16, 38, 67, 72, 67, 73, 73, 86, 18, 34, 78, 27, 24, 13, 64, 59, 91, 53, 19, 77, 39, 75, 79, 24, 39, 83, 99, 93, 82, 46, 92, 53, 52, 95, 66, 13, 25, 54, 24, 89, 89, 74, 19, 64, 83, 39, 72, 27, 32, 41, 75, 66, 54, 86, 16, 45, 56, 47, 79, 67, 43, 17, 94, 44, 59, 36, 31, 14, 99, 92, 89, 77, 40, 30, 40, 21, 52, 28, 31, 47, 44, 33, 40, 95, 22, 76, 84, 72, 20, 14, 98, 92, 58, 34, 84, 13, 43, 83, 49, 26, 52, 79, 37, 16, 82, 40, 73]
payment: [0, 0, 0, 0, 0, 0, 0, 0, 0, 0, 0, 0, 0, 0, 0, 0, 0, 0, 0, 0, 0, 0, 0, 0, 0, 0, 0, 0, 0, 0, 0, 0, 0, 0, 0, 0, 0, 0, 0, 0, 0, 0, 0, 0, 0, 0, 0, 0, 0, 0, 0, 0, 0, 0, 0, 0, 0, 0, 0, 0, 0, 0, 0, 0, 0, 0, 0, 0, 4950, 0, 0, 0, 0, 0, 0, 0, 0, 0, 0, 0, 0, 0, 0, 0, 0, 0, 0, 0, 0, 0, 0, 0, 0, 0, 0, 0, 0, 0, 0, 0, 0, 0, 0, 0, 0, 0, 0, 0, 0, 0, 0, 0, 0, 0, 0, 0, 0, 0, 0, 0, 0, 0, 0, 0, 0, 0, 0, 0, 0, 0, 0, 0, 0, 0, 0, 0, 0, 0, 0, 0, 0, 0, 0, 0, 0, 0, 0, 0, 0, 0, 0, 0, 0, 0, 0, 0, 0, 0, 0, 0, 0, 0, 0, 0, 0, 0, 0, 0, 0, 0, 0, 0, 0, 0, 0, 0, 0, 0, 0, 0, 0, 0, 0, 0, 0, 0, 0, 0, 0, 0, 0, 0, 0, 0, 0, 0, 0, 0, 0, 0]
Allocation: [0, 0, 0, 0, 0, 0, 0, 0, 0, 0, 0, 0, 0, 0, 0, 0, 0, 0, 0, 0, 0, 0, 0, 0, 0, 0, 0, 0, 0, 0, 0, 0, 0, 0, 0, 0, 0, 0, 0, 0, 0, 0, 0, 0, 0, 0, 0, 0, 0, 0, 0, 0, 0, 0, 0, 0, 0, 0, 0, 0, 0, 0, 0, 0, 0, 0, 0, 0, 50, 0, 0, 0, 0, 0, 0, 0, 0, 0, 0, 0, 0, 0, 0, 0, 0, 0, 0, 0, 0, 0, 0, 0, 0, 0, 0, 0, 0, 0, 0, 0, 0, 0, 0, 0, 0, 0, 0, 0, 0, 0, 0, 0, 0, 0, 0, 0, 0, 0, 0, 0, 0, 0, 0, 0, 0, 0, 0, 0, 0, 0, 0, 0, 0, 0, 0, 0, 0, 0, 0, 0, 0, 0, 0, 0, 0, 0, 0, 0, 0, 0, 0, 0, 0, 0, 0, 0, 0, 0, 0, 0, 0, 0, 0, 0, 0, 0, 0, 0, 0, 0, 0, 0, 0, 0, 0, 0, 0, 0, 0, 0, 0, 0, 0, 0, 0, 0, 0, 0, 0, 0, 0, 0, 0, 0, 0, 0, 0, 0, 0, 0]
====================
入札者数: 200, 財の個数: 50
入札額: [97, 92, 16, 92, 99, 55, 43, 75, 31, 21, 48, 51, 77, 62, 30, 59, 21, 94, 10, 84, 26, 34, 63, 49, 74, 33, 82, 33, 99, 14, 69, 64, 17, 87, 72, 100, 88, 85, 84, 59, 17, 77, 33, 27, 81, 72, 62, 38, 52, 51, 17, 88, 24, 78, 18, 56, 91, 85, 16, 20, 46, 13, 34, 56, 55, 82, 17, 93, 18, 22, 14, 82, 31, 25, 56, 12, 58, 68, 62, 25, 60, 61, 64, 65, 52, 20, 45, 69, 62, 43, 86, 31, 91, 20, 39, 60, 69, 75, 33, 79, 62, 37, 81, 66, 66, 54, 91, 26, 26, 96, 41, 24, 89, 26, 35, 95, 93, 46, 35, 20, 85, 24, 98, 27, 21, 23, 26, 53, 97, 53, 42, 15, 23, 12, 69, 37, 12, 15, 89, 75, 33, 26, 60, 20, 89, 67, 10, 95, 70, 74, 93, 91, 88, 61, 77, 12, 91, 75, 10, 83, 70, 76, 54, 86, 72, 18, 51, 100, 36, 93, 94, 35, 84, 88, 15, 90, 37, 76, 62, 28, 77, 24, 27, 53, 95, 63, 53, 33, 57, 32, 26, 24, 55, 29, 23, 46, 42, 94, 66, 68]
payment: [0, 0, 0, 0, 0, 0, 0, 0, 0, 0, 0, 0, 0, 0, 0, 0, 0, 0, 0, 0, 0, 0, 0, 0, 0, 0, 0, 0, 0, 0, 0, 0, 0, 0, 0, 5000, 0, 0, 0, 0, 0, 0, 0, 0, 0, 0, 0, 0, 0, 0, 0, 0, 0, 0, 0, 0, 0, 0, 0, 0, 0, 0, 0, 0, 0, 0, 0, 0, 0, 0, 0, 0, 0, 0, 0, 0, 0, 0, 0, 0, 0, 0, 0, 0, 0, 0, 0, 0, 0, 0, 0, 0, 0, 0, 0, 0, 0, 0, 0, 0, 0, 0, 0, 0, 0, 0, 0, 0, 0, 0, 0, 0, 0, 0, 0, 0, 0, 0, 0, 0, 0, 0, 0, 0, 0, 0, 0, 0, 0, 0, 0, 0, 0, 0, 0, 0, 0, 0, 0, 0, 0, 0, 0, 0, 0, 0, 0, 0, 0, 0, 0, 0, 0, 0, 0, 0, 0, 0, 0, 0, 0, 0, 0, 0, 0, 0, 0, 0, 0, 0, 0, 0, 0, 0, 0, 0, 0, 0, 0, 0, 0, 0, 0, 0, 0, 0, 0, 0, 0, 0, 0, 0, 0, 0, 0, 0, 0, 0, 0, 0]
Allocation: [0, 0, 0, 0, 0, 0, 0, 0, 0, 0, 0, 0, 0, 0, 0, 0, 0, 0, 0, 0, 0, 0, 0, 0, 0, 0, 0, 0, 0, 0, 0, 0, 0, 0, 0, 50, 0, 0, 0, 0, 0, 0, 0, 0, 0, 0, 0, 0, 0, 0, 0, 0, 0, 0, 0, 0, 0, 0, 0, 0, 0, 0, 0, 0, 0, 0, 0, 0, 0, 0, 0, 0, 0, 0, 0, 0, 0, 0, 0, 0, 0, 0, 0, 0, 0, 0, 0, 0, 0, 0, 0, 0, 0, 0, 0, 0, 0, 0, 0, 0, 0, 0, 0, 0, 0, 0, 0, 0, 0, 0, 0, 0, 0, 0, 0, 0, 0, 0, 0, 0, 0, 0, 0, 0, 0, 0, 0, 0, 0, 0, 0, 0, 0, 0, 0, 0, 0, 0, 0, 0, 0, 0, 0, 0, 0, 0, 0, 0, 0, 0, 0, 0, 0, 0, 0, 0, 0, 0, 0, 0, 0, 0, 0, 0, 0, 0, 0, 0, 0, 0, 0, 0, 0, 0, 0, 0, 0, 0, 0, 0, 0, 0, 0, 0, 0, 0, 0, 0, 0, 0, 0, 0, 0, 0, 0, 0, 0, 0, 0, 0]
====================
入札者数: 200, 財の個数: 50
入札額: [17, 57, 68, 95, 59, 69, 64, 95, 87, 15, 89, 59, 87, 13, 35, 31, 91, 75, 78, 70, 28, 62, 71, 35, 85, 56, 54, 32, 31, 99, 52, 28, 83, 34, 36, 70, 54, 93, 44, 73, 60, 40, 55, 27, 59, 100, 77, 18, 46, 21, 62, 11, 63, 59, 31, 41, 65, 50, 59, 49, 27, 35, 69, 88, 81, 33, 96, 84, 35, 42, 58, 90, 95, 24, 97, 88, 26, 98, 54, 20, 15, 87, 12, 78, 23, 68, 59, 69, 82, 36, 88, 73, 59, 17, 66, 80, 72, 90, 12, 50, 24, 91, 25, 73, 87, 44, 33, 46, 91, 84, 42, 63, 20, 25, 39, 57, 60, 93, 67, 60, 97, 20, 21, 10, 46, 25, 66, 17, 48, 64, 32, 89, 43, 95, 92, 10, 68, 72, 40, 32, 77, 72, 95, 33, 97, 70, 27, 98, 67, 17, 53, 72, 34, 61, 35, 43, 51, 22, 10, 67, 62, 76, 55, 43, 67, 57, 73, 51, 45, 54, 41, 23, 73, 83, 62, 61, 97, 76, 45, 80, 28, 63, 59, 86, 13, 47, 72, 30, 36, 69, 46, 52, 83, 42, 15, 38, 17, 52, 46, 37]
payment: [0, 0, 0, 0, 0, 0, 0, 0, 0, 0, 0, 0, 0, 0, 0, 0, 0, 0, 0, 0, 0, 0, 0, 0, 0, 0, 0, 0, 0, 0, 0, 0, 0, 0, 0, 0, 0, 0, 0, 0, 0, 0, 0, 0, 0, 4950, 0, 0, 0, 0, 0, 0, 0, 0, 0, 0, 0, 0, 0, 0, 0, 0, 0, 0, 0, 0, 0, 0, 0, 0, 0, 0, 0, 0, 0, 0, 0, 0, 0, 0, 0, 0, 0, 0, 0, 0, 0, 0, 0, 0, 0, 0, 0, 0, 0, 0, 0, 0, 0, 0, 0, 0, 0, 0, 0, 0, 0, 0, 0, 0, 0, 0, 0, 0, 0, 0, 0, 0, 0, 0, 0, 0, 0, 0, 0, 0, 0, 0, 0, 0, 0, 0, 0, 0, 0, 0, 0, 0, 0, 0, 0, 0, 0, 0, 0, 0, 0, 0, 0, 0, 0, 0, 0, 0, 0, 0, 0, 0, 0, 0, 0, 0, 0, 0, 0, 0, 0, 0, 0, 0, 0, 0, 0, 0, 0, 0, 0, 0, 0, 0, 0, 0, 0, 0, 0, 0, 0, 0, 0, 0, 0, 0, 0, 0, 0, 0, 0, 0, 0, 0]
Allocation: [0, 0, 0, 0, 0, 0, 0, 0, 0, 0, 0, 0, 0, 0, 0, 0, 0, 0, 0, 0, 0, 0, 0, 0, 0, 0, 0, 0, 0, 0, 0, 0, 0, 0, 0, 0, 0, 0, 0, 0, 0, 0, 0, 0, 0, 50, 0, 0, 0, 0, 0, 0, 0, 0, 0, 0, 0, 0, 0, 0, 0, 0, 0, 0, 0, 0, 0, 0, 0, 0, 0, 0, 0, 0, 0, 0, 0, 0, 0, 0, 0, 0, 0, 0, 0, 0, 0, 0, 0, 0, 0, 0, 0, 0, 0, 0, 0, 0, 0, 0, 0, 0, 0, 0, 0, 0, 0, 0, 0, 0, 0, 0, 0, 0, 0, 0, 0, 0, 0, 0, 0, 0, 0, 0, 0, 0, 0, 0, 0, 0, 0, 0, 0, 0, 0, 0, 0, 0, 0, 0, 0, 0, 0, 0, 0, 0, 0, 0, 0, 0, 0, 0, 0, 0, 0, 0, 0, 0, 0, 0, 0, 0, 0, 0, 0, 0, 0, 0, 0, 0, 0, 0, 0, 0, 0, 0, 0, 0, 0, 0, 0, 0, 0, 0, 0, 0, 0, 0, 0, 0, 0, 0, 0, 0, 0, 0, 0, 0, 0, 0]
====================
入札者数: 200, 財の個数: 50
入札額: [100, 69, 57, 96, 84, 46, 72, 22, 74, 72, 11, 82, 90, 27, 92, 80, 19, 66, 23, 51, 33, 55, 80, 38, 40, 87, 71, 13, 32, 54, 29, 61, 21, 35, 32, 84, 76, 62, 73, 53, 20, 95, 73, 44, 87, 78, 13, 83, 38, 50, 16, 39, 21, 94, 58, 43, 65, 17, 73, 62, 94, 52, 49, 26, 49, 57, 83, 64, 75, 46, 90, 79, 66, 93, 58, 71, 14, 22, 22, 80, 29, 32, 74, 62, 42, 72, 31, 88, 75, 95, 69, 46, 92, 97, 97, 57, 44, 31, 83, 48, 64, 86, 32, 38, 61, 12, 12, 39, 77, 17, 20, 76, 44, 39, 66, 47, 80, 94, 50, 69, 11, 21, 77, 71, 83, 60, 51, 78, 44, 59, 53, 100, 28, 86, 24, 51, 99, 75, 31, 31, 11, 42, 54, 49, 25, 26, 87, 77, 63, 48, 94, 20, 52, 39, 67, 23, 50, 90, 65, 37, 41, 35, 45, 46, 60, 32, 36, 74, 22, 19, 57, 76, 29, 90, 48, 45, 75, 52, 10, 57, 58, 87, 24, 66, 15, 79, 78, 20, 40, 35, 60, 86, 64, 80, 77, 41, 82, 89, 79, 68]
payment: [5000, 0, 0, 0, 0, 0, 0, 0, 0, 0, 0, 0, 0, 0, 0, 0, 0, 0, 0, 0, 0, 0, 0, 0, 0, 0, 0, 0, 0, 0, 0, 0, 0, 0, 0, 0, 0, 0, 0, 0, 0, 0, 0, 0, 0, 0, 0, 0, 0, 0, 0, 0, 0, 0, 0, 0, 0, 0, 0, 0, 0, 0, 0, 0, 0, 0, 0, 0, 0, 0, 0, 0, 0, 0, 0, 0, 0, 0, 0, 0, 0, 0, 0, 0, 0, 0, 0, 0, 0, 0, 0, 0, 0, 0, 0, 0, 0, 0, 0, 0, 0, 0, 0, 0, 0, 0, 0, 0, 0, 0, 0, 0, 0, 0, 0, 0, 0, 0, 0, 0, 0, 0, 0, 0, 0, 0, 0, 0, 0, 0, 0, 0, 0, 0, 0, 0, 0, 0, 0, 0, 0, 0, 0, 0, 0, 0, 0, 0, 0, 0, 0, 0, 0, 0, 0, 0, 0, 0, 0, 0, 0, 0, 0, 0, 0, 0, 0, 0, 0, 0, 0, 0, 0, 0, 0, 0, 0, 0, 0, 0, 0, 0, 0, 0, 0, 0, 0, 0, 0, 0, 0, 0, 0, 0, 0, 0, 0, 0, 0, 0]
Allocation: [50, 0, 0, 0, 0, 0, 0, 0, 0, 0, 0, 0, 0, 0, 0, 0, 0, 0, 0, 0, 0, 0, 0, 0, 0, 0, 0, 0, 0, 0, 0, 0, 0, 0, 0, 0, 0, 0, 0, 0, 0, 0, 0, 0, 0, 0, 0, 0, 0, 0, 0, 0, 0, 0, 0, 0, 0, 0, 0, 0, 0, 0, 0, 0, 0, 0, 0, 0, 0, 0, 0, 0, 0, 0, 0, 0, 0, 0, 0, 0, 0, 0, 0, 0, 0, 0, 0, 0, 0, 0, 0, 0, 0, 0, 0, 0, 0, 0, 0, 0, 0, 0, 0, 0, 0, 0, 0, 0, 0, 0, 0, 0, 0, 0, 0, 0, 0, 0, 0, 0, 0, 0, 0, 0, 0, 0, 0, 0, 0, 0, 0, 0, 0, 0, 0, 0, 0, 0, 0, 0, 0, 0, 0, 0, 0, 0, 0, 0, 0, 0, 0, 0, 0, 0, 0, 0, 0, 0, 0, 0, 0, 0, 0, 0, 0, 0, 0, 0, 0, 0, 0, 0, 0, 0, 0, 0, 0, 0, 0, 0, 0, 0, 0, 0, 0, 0, 0, 0, 0, 0, 0, 0, 0, 0, 0, 0, 0, 0, 0, 0]
====================
入札者数: 200, 財の個数: 50
入札額: [29, 21, 53, 70, 22, 54, 18, 14, 51, 67, 13, 50, 18, 96, 42, 39, 95, 73, 40, 19, 54, 65, 99, 34, 14, 59, 60, 62, 57, 24, 84, 79, 40, 94, 20, 46, 94, 18, 62, 63, 78, 95, 71, 91, 49, 51, 71, 55, 23, 55, 91, 43, 82, 34, 42, 56, 52, 93, 90, 44, 83, 74, 56, 93, 31, 29, 44, 96, 81, 73, 28, 61, 94, 16, 46, 62, 29, 16, 73, 70, 34, 48, 58, 23, 32, 71, 36, 21, 100, 79, 99, 71, 26, 28, 85, 55, 16, 25, 40, 26, 56, 97, 68, 80, 52, 13, 54, 20, 52, 27, 27, 97, 92, 15, 81, 54, 53, 68, 34, 88, 50, 33, 61, 29, 45, 63, 53, 21, 46, 62, 89, 10, 13, 82, 31, 81, 62, 26, 53, 57, 75, 20, 21, 54, 50, 60, 91, 96, 70, 84, 35, 42, 60, 55, 55, 92, 49, 98, 23, 76, 75, 38, 34, 11, 78, 22, 21, 29, 75, 26, 94, 11, 47, 17, 58, 23, 54, 98, 98, 98, 46, 45, 29, 39, 44, 72, 86, 97, 38, 20, 55, 90, 94, 51, 36, 85, 69, 33, 47, 32]
payment: [0, 0, 0, 0, 0, 0, 0, 0, 0, 0, 0, 0, 0, 0, 0, 0, 0, 0, 0, 0, 0, 0, 0, 0, 0, 0, 0, 0, 0, 0, 0, 0, 0, 0, 0, 0, 0, 0, 0, 0, 0, 0, 0, 0, 0, 0, 0, 0, 0, 0, 0, 0, 0, 0, 0, 0, 0, 0, 0, 0, 0, 0, 0, 0, 0, 0, 0, 0, 0, 0, 0, 0, 0, 0, 0, 0, 0, 0, 0, 0, 0, 0, 0, 0, 0, 0, 0, 0, 4950, 0, 0, 0, 0, 0, 0, 0, 0, 0, 0, 0, 0, 0, 0, 0, 0, 0, 0, 0, 0, 0, 0, 0, 0, 0, 0, 0, 0, 0, 0, 0, 0, 0, 0, 0, 0, 0, 0, 0, 0, 0, 0, 0, 0, 0, 0, 0, 0, 0, 0, 0, 0, 0, 0, 0, 0, 0, 0, 0, 0, 0, 0, 0, 0, 0, 0, 0, 0, 0, 0, 0, 0, 0, 0, 0, 0, 0, 0, 0, 0, 0, 0, 0, 0, 0, 0, 0, 0, 0, 0, 0, 0, 0, 0, 0, 0, 0, 0, 0, 0, 0, 0, 0, 0, 0, 0, 0, 0, 0, 0, 0]
Allocation: [0, 0, 0, 0, 0, 0, 0, 0, 0, 0, 0, 0, 0, 0, 0, 0, 0, 0, 0, 0, 0, 0, 0, 0, 0, 0, 0, 0, 0, 0, 0, 0, 0, 0, 0, 0, 0, 0, 0, 0, 0, 0, 0, 0, 0, 0, 0, 0, 0, 0, 0, 0, 0, 0, 0, 0, 0, 0, 0, 0, 0, 0, 0, 0, 0, 0, 0, 0, 0, 0, 0, 0, 0, 0, 0, 0, 0, 0, 0, 0, 0, 0, 0, 0, 0, 0, 0, 0, 50, 0, 0, 0, 0, 0, 0, 0, 0, 0, 0, 0, 0, 0, 0, 0, 0, 0, 0, 0, 0, 0, 0, 0, 0, 0, 0, 0, 0, 0, 0, 0, 0, 0, 0, 0, 0, 0, 0, 0, 0, 0, 0, 0, 0, 0, 0, 0, 0, 0, 0, 0, 0, 0, 0, 0, 0, 0, 0, 0, 0, 0, 0, 0, 0, 0, 0, 0, 0, 0, 0, 0, 0, 0, 0, 0, 0, 0, 0, 0, 0, 0, 0, 0, 0, 0, 0, 0, 0, 0, 0, 0, 0, 0, 0, 0, 0, 0, 0, 0, 0, 0, 0, 0, 0, 0, 0, 0, 0, 0, 0, 0]
平均実行時間: 4.140330 秒
