====================
入札者数: 200, 財の個数: 30
入札額: [47, 83, 49, 79, 50, 74, 39, 91, 95, 23, 55, 100, 23, 11, 25, 61, 27, 19, 39, 96, 68, 98, 52, 11, 10, 96, 53, 39, 26, 39, 42, 73, 52, 81, 26, 82, 29, 73, 99, 21, 48, 99, 38, 26, 18, 38, 52, 10, 37, 67, 90, 13, 75, 57, 30, 38, 58, 67, 75, 100, 76, 36, 20, 70, 89, 52, 35, 82, 25, 10, 98, 19, 10, 77, 66, 22, 48, 97, 93, 16, 20, 52, 54, 74, 10, 69, 60, 93, 10, 88, 25, 54, 94, 48, 99, 28, 55, 47, 61, 28, 60, 66, 45, 24, 22, 99, 29, 96, 55, 18, 74, 35, 29, 82, 30, 62, 63, 85, 49, 11, 65, 30, 66, 58, 36, 69, 16, 100, 76, 14, 37, 27, 85, 54, 44, 76, 14, 96, 77, 48, 59, 30, 57, 74, 12, 81, 14, 84, 90, 88, 11, 46, 13, 65, 83, 77, 55, 70, 62, 23, 36, 26, 82, 76, 91, 72, 69, 57, 96, 22, 50, 73, 30, 71, 50, 68, 47, 100, 71, 23, 22, 97, 39, 58, 82, 64, 98, 59, 11, 16, 99, 38, 18, 94, 96, 75, 47, 37, 31, 79]
payment: [0, 0, 0, 0, 0, 0, 0, 0, 0, 0, 0, 3000, 0, 0, 0, 0, 0, 0, 0, 0, 0, 0, 0, 0, 0, 0, 0, 0, 0, 0, 0, 0, 0, 0, 0, 0, 0, 0, 0, 0, 0, 0, 0, 0, 0, 0, 0, 0, 0, 0, 0, 0, 0, 0, 0, 0, 0, 0, 0, 0, 0, 0, 0, 0, 0, 0, 0, 0, 0, 0, 0, 0, 0, 0, 0, 0, 0, 0, 0, 0, 0, 0, 0, 0, 0, 0, 0, 0, 0, 0, 0, 0, 0, 0, 0, 0, 0, 0, 0, 0, 0, 0, 0, 0, 0, 0, 0, 0, 0, 0, 0, 0, 0, 0, 0, 0, 0, 0, 0, 0, 0, 0, 0, 0, 0, 0, 0, 0, 0, 0, 0, 0, 0, 0, 0, 0, 0, 0, 0, 0, 0, 0, 0, 0, 0, 0, 0, 0, 0, 0, 0, 0, 0, 0, 0, 0, 0, 0, 0, 0, 0, 0, 0, 0, 0, 0, 0, 0, 0, 0, 0, 0, 0, 0, 0, 0, 0, 0, 0, 0, 0, 0, 0, 0, 0, 0, 0, 0, 0, 0, 0, 0, 0, 0, 0, 0, 0, 0, 0, 0]
Allocation: [0, 0, 0, 0, 0, 0, 0, 0, 0, 0, 0, 30, 0, 0, 0, 0, 0, 0, 0, 0, 0, 0, 0, 0, 0, 0, 0, 0, 0, 0, 0, 0, 0, 0, 0, 0, 0, 0, 0, 0, 0, 0, 0, 0, 0, 0, 0, 0, 0, 0, 0, 0, 0, 0, 0, 0, 0, 0, 0, 0, 0, 0, 0, 0, 0, 0, 0, 0, 0, 0, 0, 0, 0, 0, 0, 0, 0, 0, 0, 0, 0, 0, 0, 0, 0, 0, 0, 0, 0, 0, 0, 0, 0, 0, 0, 0, 0, 0, 0, 0, 0, 0, 0, 0, 0, 0, 0, 0, 0, 0, 0, 0, 0, 0, 0, 0, 0, 0, 0, 0, 0, 0, 0, 0, 0, 0, 0, 0, 0, 0, 0, 0, 0, 0, 0, 0, 0, 0, 0, 0, 0, 0, 0, 0, 0, 0, 0, 0, 0, 0, 0, 0, 0, 0, 0, 0, 0, 0, 0, 0, 0, 0, 0, 0, 0, 0, 0, 0, 0, 0, 0, 0, 0, 0, 0, 0, 0, 0, 0, 0, 0, 0, 0, 0, 0, 0, 0, 0, 0, 0, 0, 0, 0, 0, 0, 0, 0, 0, 0, 0]
====================
入札者数: 200, 財の個数: 30
入札額: [25, 97, 52, 97, 82, 89, 61, 29, 55, 81, 61, 10, 11, 69, 88, 57, 43, 78, 43, 97, 87, 47, 39, 73, 98, 66, 52, 89, 41, 53, 94, 40, 65, 21, 31, 14, 63, 72, 15, 95, 46, 74, 40, 41, 45, 62, 86, 48, 33, 11, 63, 47, 40, 66, 99, 29, 60, 48, 45, 43, 80, 57, 48, 42, 28, 25, 66, 81, 67, 37, 91, 61, 38, 82, 84, 27, 20, 57, 36, 15, 36, 94, 42, 69, 45, 23, 49, 28, 95, 92, 60, 10, 37, 76, 41, 65, 83, 55, 16, 48, 90, 98, 42, 19, 13, 94, 74, 86, 56, 10, 21, 57, 53, 47, 44, 62, 55, 98, 79, 72, 29, 90, 13, 36, 48, 42, 55, 39, 25, 41, 16, 71, 67, 99, 93, 97, 87, 20, 70, 24, 90, 79, 67, 74, 53, 67, 42, 99, 41, 83, 31, 71, 47, 25, 64, 40, 78, 19, 13, 70, 22, 13, 41, 10, 17, 12, 71, 92, 35, 79, 72, 68, 85, 37, 83, 67, 73, 31, 22, 76, 27, 26, 77, 90, 40, 24, 75, 16, 43, 22, 93, 41, 43, 57, 90, 90, 53, 47, 47, 74]
payment: [0, 0, 0, 0, 0, 0, 0, 0, 0, 0, 0, 0, 0, 0, 0, 0, 0, 0, 0, 0, 0, 0, 0, 0, 0, 0, 0, 0, 0, 0, 0, 0, 0, 0, 0, 0, 0, 0, 0, 0, 0, 0, 0, 0, 0, 0, 0, 0, 0, 0, 0, 0, 0, 0, 2970, 0, 0, 0, 0, 0, 0, 0, 0, 0, 0, 0, 0, 0, 0, 0, 0, 0, 0, 0, 0, 0, 0, 0, 0, 0, 0, 0, 0, 0, 0, 0, 0, 0, 0, 0, 0, 0, 0, 0, 0, 0, 0, 0, 0, 0, 0, 0, 0, 0, 0, 0, 0, 0, 0, 0, 0, 0, 0, 0, 0, 0, 0, 0, 0, 0, 0, 0, 0, 0, 0, 0, 0, 0, 0, 0, 0, 0, 0, 0, 0, 0, 0, 0, 0, 0, 0, 0, 0, 0, 0, 0, 0, 0, 0, 0, 0, 0, 0, 0, 0, 0, 0, 0, 0, 0, 0, 0, 0, 0, 0, 0, 0, 0, 0, 0, 0, 0, 0, 0, 0, 0, 0, 0, 0, 0, 0, 0, 0, 0, 0, 0, 0, 0, 0, 0, 0, 0, 0, 0, 0, 0, 0, 0, 0, 0]
Allocation: [0, 0, 0, 0, 0, 0, 0, 0, 0, 0, 0, 0, 0, 0, 0, 0, 0, 0, 0, 0, 0, 0, 0, 0, 0, 0, 0, 0, 0, 0, 0, 0, 0, 0, 0, 0, 0, 0, 0, 0, 0, 0, 0, 0, 0, 0, 0, 0, 0, 0, 0, 0, 0, 0, 30, 0, 0, 0, 0, 0, 0, 0, 0, 0, 0, 0, 0, 0, 0, 0, 0, 0, 0, 0, 0, 0, 0, 0, 0, 0, 0, 0, 0, 0, 0, 0, 0, 0, 0, 0, 0, 0, 0, 0, 0, 0, 0, 0, 0, 0, 0, 0, 0, 0, 0, 0, 0, 0, 0, 0, 0, 0, 0, 0, 0, 0, 0, 0, 0, 0, 0, 0, 0, 0, 0, 0, 0, 0, 0, 0, 0, 0, 0, 0, 0, 0, 0, 0, 0, 0, 0, 0, 0, 0, 0, 0, 0, 0, 0, 0, 0, 0, 0, 0, 0, 0, 0, 0, 0, 0, 0, 0, 0, 0, 0, 0, 0, 0, 0, 0, 0, 0, 0, 0, 0, 0, 0, 0, 0, 0, 0, 0, 0, 0, 0, 0, 0, 0, 0, 0, 0, 0, 0, 0, 0, 0, 0, 0, 0, 0]
====================
入札者数: 200, 財の個数: 30
入札額: [29, 33, 44, 96, 84, 72, 64, 24, 57, 22, 89, 90, 29, 69, 51, 50, 70, 28, 31, 63, 98, 43, 15, 37, 74, 31, 80, 72, 75, 78, 23, 61, 48, 28, 93, 95, 11, 71, 47, 37, 96, 94, 72, 53, 77, 34, 12, 48, 82, 31, 99, 51, 83, 31, 89, 55, 81, 31, 93, 27, 89, 55, 13, 55, 48, 76, 94, 33, 12, 22, 16, 28, 76, 54, 97, 91, 93, 100, 72, 30, 72, 31, 58, 46, 22, 44, 38, 51, 81, 69, 32, 59, 30, 61, 81, 33, 27, 19, 100, 94, 45, 34, 34, 61, 71, 14, 48, 11, 64, 54, 24, 28, 86, 47, 53, 54, 25, 66, 22, 82, 45, 83, 37, 50, 95, 67, 87, 94, 70, 98, 50, 41, 80, 53, 22, 63, 64, 34, 22, 52, 36, 83, 24, 49, 88, 38, 38, 35, 82, 23, 31, 74, 45, 26, 33, 19, 30, 38, 66, 86, 47, 43, 34, 39, 76, 25, 65, 58, 32, 42, 30, 21, 96, 23, 97, 59, 83, 78, 28, 33, 40, 47, 24, 27, 16, 35, 26, 98, 47, 63, 88, 65, 68, 91, 90, 88, 68, 36, 72, 43]
payment: [0, 0, 0, 0, 0, 0, 0, 0, 0, 0, 0, 0, 0, 0, 0, 0, 0, 0, 0, 0, 0, 0, 0, 0, 0, 0, 0, 0, 0, 0, 0, 0, 0, 0, 0, 0, 0, 0, 0, 0, 0, 0, 0, 0, 0, 0, 0, 0, 0, 0, 0, 0, 0, 0, 0, 0, 0, 0, 0, 0, 0, 0, 0, 0, 0, 0, 0, 0, 0, 0, 0, 0, 0, 0, 0, 0, 0, 3000, 0, 0, 0, 0, 0, 0, 0, 0, 0, 0, 0, 0, 0, 0, 0, 0, 0, 0, 0, 0, 0, 0, 0, 0, 0, 0, 0, 0, 0, 0, 0, 0, 0, 0, 0, 0, 0, 0, 0, 0, 0, 0, 0, 0, 0, 0, 0, 0, 0, 0, 0, 0, 0, 0, 0, 0, 0, 0, 0, 0, 0, 0, 0, 0, 0, 0, 0, 0, 0, 0, 0, 0, 0, 0, 0, 0, 0, 0, 0, 0, 0, 0, 0, 0, 0, 0, 0, 0, 0, 0, 0, 0, 0, 0, 0, 0, 0, 0, 0, 0, 0, 0, 0, 0, 0, 0, 0, 0, 0, 0, 0, 0, 0, 0, 0, 0, 0, 0, 0, 0, 0, 0]
Allocation: [0, 0, 0, 0, 0, 0, 0, 0, 0, 0, 0, 0, 0, 0, 0, 0, 0, 0, 0, 0, 0, 0, 0, 0, 0, 0, 0, 0, 0, 0, 0, 0, 0, 0, 0, 0, 0, 0, 0, 0, 0, 0, 0, 0, 0, 0, 0, 0, 0, 0, 0, 0, 0, 0, 0, 0, 0, 0, 0, 0, 0, 0, 0, 0, 0, 0, 0, 0, 0, 0, 0, 0, 0, 0, 0, 0, 0, 30, 0, 0, 0, 0, 0, 0, 0, 0, 0, 0, 0, 0, 0, 0, 0, 0, 0, 0, 0, 0, 0, 0, 0, 0, 0, 0, 0, 0, 0, 0, 0, 0, 0, 0, 0, 0, 0, 0, 0, 0, 0, 0, 0, 0, 0, 0, 0, 0, 0, 0, 0, 0, 0, 0, 0, 0, 0, 0, 0, 0, 0, 0, 0, 0, 0, 0, 0, 0, 0, 0, 0, 0, 0, 0, 0, 0, 0, 0, 0, 0, 0, 0, 0, 0, 0, 0, 0, 0, 0, 0, 0, 0, 0, 0, 0, 0, 0, 0, 0, 0, 0, 0, 0, 0, 0, 0, 0, 0, 0, 0, 0, 0, 0, 0, 0, 0, 0, 0, 0, 0, 0, 0]
====================
入札者数: 200, 財の個数: 30
入札額: [59, 10, 35, 12, 56, 72, 47, 73, 15, 44, 20, 66, 41, 94, 35, 96, 19, 27, 90, 22, 34, 79, 36, 87, 72, 13, 58, 73, 23, 59, 98, 64, 76, 36, 90, 75, 14, 49, 21, 37, 16, 26, 41, 31, 94, 41, 75, 99, 95, 97, 23, 86, 94, 35, 31, 50, 85, 66, 100, 89, 12, 24, 87, 58, 60, 66, 58, 73, 69, 61, 98, 21, 31, 87, 22, 38, 82, 24, 21, 76, 56, 87, 61, 84, 84, 51, 76, 99, 25, 30, 77, 66, 20, 28, 19, 85, 76, 36, 58, 29, 25, 81, 74, 89, 23, 52, 96, 44, 16, 62, 27, 29, 37, 35, 68, 73, 80, 56, 42, 34, 72, 43, 26, 94, 16, 59, 45, 31, 94, 50, 71, 36, 55, 69, 15, 47, 45, 13, 34, 38, 20, 94, 19, 50, 99, 16, 32, 84, 97, 16, 86, 51, 53, 90, 67, 24, 19, 35, 63, 66, 100, 22, 26, 91, 30, 60, 80, 22, 51, 72, 95, 64, 71, 51, 55, 49, 48, 55, 52, 67, 30, 94, 81, 67, 63, 31, 96, 75, 63, 58, 86, 77, 34, 88, 20, 33, 35, 76, 33, 65]
payment: [0, 0, 0, 0, 0, 0, 0, 0, 0, 0, 0, 0, 0, 0, 0, 0, 0, 0, 0, 0, 0, 0, 0, 0, 0, 0, 0, 0, 0, 0, 0, 0, 0, 0, 0, 0, 0, 0, 0, 0, 0, 0, 0, 0, 0, 0, 0, 0, 0, 0, 0, 0, 0, 0, 0, 0, 0, 0, 3000, 0, 0, 0, 0, 0, 0, 0, 0, 0, 0, 0, 0, 0, 0, 0, 0, 0, 0, 0, 0, 0, 0, 0, 0, 0, 0, 0, 0, 0, 0, 0, 0, 0, 0, 0, 0, 0, 0, 0, 0, 0, 0, 0, 0, 0, 0, 0, 0, 0, 0, 0, 0, 0, 0, 0, 0, 0, 0, 0, 0, 0, 0, 0, 0, 0, 0, 0, 0, 0, 0, 0, 0, 0, 0, 0, 0, 0, 0, 0, 0, 0, 0, 0, 0, 0, 0, 0, 0, 0, 0, 0, 0, 0, 0, 0, 0, 0, 0, 0, 0, 0, 0, 0, 0, 0, 0, 0, 0, 0, 0, 0, 0, 0, 0, 0, 0, 0, 0, 0, 0, 0, 0, 0, 0, 0, 0, 0, 0, 0, 0, 0, 0, 0, 0, 0, 0, 0, 0, 0, 0, 0]
Allocation: [0, 0, 0, 0, 0, 0, 0, 0, 0, 0, 0, 0, 0, 0, 0, 0, 0, 0, 0, 0, 0, 0, 0, 0, 0, 0, 0, 0, 0, 0, 0, 0, 0, 0, 0, 0, 0, 0, 0, 0, 0, 0, 0, 0, 0, 0, 0, 0, 0, 0, 0, 0, 0, 0, 0, 0, 0, 0, 30, 0, 0, 0, 0, 0, 0, 0, 0, 0, 0, 0, 0, 0, 0, 0, 0, 0, 0, 0, 0, 0, 0, 0, 0, 0, 0, 0, 0, 0, 0, 0, 0, 0, 0, 0, 0, 0, 0, 0, 0, 0, 0, 0, 0, 0, 0, 0, 0, 0, 0, 0, 0, 0, 0, 0, 0, 0, 0, 0, 0, 0, 0, 0, 0, 0, 0, 0, 0, 0, 0, 0, 0, 0, 0, 0, 0, 0, 0, 0, 0, 0, 0, 0, 0, 0, 0, 0, 0, 0, 0, 0, 0, 0, 0, 0, 0, 0, 0, 0, 0, 0, 0, 0, 0, 0, 0, 0, 0, 0, 0, 0, 0, 0, 0, 0, 0, 0, 0, 0, 0, 0, 0, 0, 0, 0, 0, 0, 0, 0, 0, 0, 0, 0, 0, 0, 0, 0, 0, 0, 0, 0]
====================
入札者数: 200, 財の個数: 30
入札額: [83, 36, 54, 93, 72, 100, 89, 13, 59, 47, 89, 73, 18, 66, 41, 56, 12, 10, 80, 28, 12, 48, 99, 64, 87, 11, 83, 92, 33, 100, 20, 41, 39, 71, 63, 25, 99, 71, 56, 28, 18, 47, 62, 27, 42, 44, 67, 86, 11, 33, 47, 35, 39, 34, 72, 60, 100, 71, 62, 25, 68, 70, 61, 94, 85, 97, 99, 98, 46, 53, 69, 100, 19, 24, 20, 92, 25, 51, 64, 20, 36, 93, 98, 51, 16, 94, 84, 52, 80, 83, 56, 35, 46, 59, 91, 91, 78, 37, 24, 80, 81, 54, 63, 89, 80, 91, 91, 80, 96, 75, 77, 58, 47, 80, 55, 88, 41, 93, 40, 82, 41, 80, 93, 84, 76, 83, 10, 50, 28, 35, 66, 59, 22, 32, 12, 88, 65, 37, 32, 67, 71, 47, 31, 70, 85, 100, 59, 81, 89, 74, 23, 62, 95, 79, 29, 83, 35, 11, 47, 35, 34, 60, 65, 43, 67, 89, 55, 82, 96, 23, 59, 27, 82, 10, 51, 73, 71, 26, 100, 89, 78, 18, 37, 88, 60, 61, 67, 72, 45, 46, 84, 43, 66, 88, 99, 92, 37, 60, 70, 38]
payment: [0, 0, 0, 0, 0, 3000, 0, 0, 0, 0, 0, 0, 0, 0, 0, 0, 0, 0, 0, 0, 0, 0, 0, 0, 0, 0, 0, 0, 0, 0, 0, 0, 0, 0, 0, 0, 0, 0, 0, 0, 0, 0, 0, 0, 0, 0, 0, 0, 0, 0, 0, 0, 0, 0, 0, 0, 0, 0, 0, 0, 0, 0, 0, 0, 0, 0, 0, 0, 0, 0, 0, 0, 0, 0, 0, 0, 0, 0, 0, 0, 0, 0, 0, 0, 0, 0, 0, 0, 0, 0, 0, 0, 0, 0, 0, 0, 0, 0, 0, 0, 0, 0, 0, 0, 0, 0, 0, 0, 0, 0, 0, 0, 0, 0, 0, 0, 0, 0, 0, 0, 0, 0, 0, 0, 0, 0, 0, 0, 0, 0, 0, 0, 0, 0, 0, 0, 0, 0, 0, 0, 0, 0, 0, 0, 0, 0, 0, 0, 0, 0, 0, 0, 0, 0, 0, 0, 0, 0, 0, 0, 0, 0, 0, 0, 0, 0, 0, 0, 0, 0, 0, 0, 0, 0, 0, 0, 0, 0, 0, 0, 0, 0, 0, 0, 0, 0, 0, 0, 0, 0, 0, 0, 0, 0, 0, 0, 0, 0, 0, 0]
Allocation: [0, 0, 0, 0, 0, 30, 0, 0, 0, 0, 0, 0, 0, 0, 0, 0, 0, 0, 0, 0, 0, 0, 0, 0, 0, 0, 0, 0, 0, 0, 0, 0, 0, 0, 0, 0, 0, 0, 0, 0, 0, 0, 0, 0, 0, 0, 0, 0, 0, 0, 0, 0, 0, 0, 0, 0, 0, 0, 0, 0, 0, 0, 0, 0, 0, 0, 0, 0, 0, 0, 0, 0, 0, 0, 0, 0, 0, 0, 0, 0, 0, 0, 0, 0, 0, 0, 0, 0, 0, 0, 0, 0, 0, 0, 0, 0, 0, 0, 0, 0, 0, 0, 0, 0, 0, 0, 0, 0, 0, 0, 0, 0, 0, 0, 0, 0, 0, 0, 0, 0, 0, 0, 0, 0, 0, 0, 0, 0, 0, 0, 0, 0, 0, 0, 0, 0, 0, 0, 0, 0, 0, 0, 0, 0, 0, 0, 0, 0, 0, 0, 0, 0, 0, 0, 0, 0, 0, 0, 0, 0, 0, 0, 0, 0, 0, 0, 0, 0, 0, 0, 0, 0, 0, 0, 0, 0, 0, 0, 0, 0, 0, 0, 0, 0, 0, 0, 0, 0, 0, 0, 0, 0, 0, 0, 0, 0, 0, 0, 0, 0]
====================
入札者数: 200, 財の個数: 30
入札額: [35, 46, 71, 84, 81, 62, 20, 88, 88, 13, 34, 90, 34, 88, 66, 89, 93, 51, 65, 35, 12, 84, 45, 71, 52, 29, 15, 36, 96, 54, 43, 88, 27, 68, 58, 74, 20, 85, 67, 40, 17, 32, 80, 15, 72, 36, 43, 25, 84, 79, 34, 70, 68, 71, 75, 14, 36, 15, 43, 16, 49, 84, 78, 82, 96, 21, 75, 30, 34, 19, 15, 49, 49, 49, 77, 41, 85, 71, 10, 45, 44, 71, 37, 32, 60, 99, 90, 12, 74, 93, 57, 46, 43, 14, 14, 30, 42, 11, 12, 20, 29, 54, 35, 65, 15, 43, 93, 49, 79, 34, 47, 40, 21, 27, 61, 30, 33, 20, 45, 50, 80, 69, 43, 73, 61, 53, 87, 52, 85, 84, 56, 69, 37, 55, 28, 20, 78, 86, 45, 39, 40, 36, 10, 100, 36, 22, 63, 49, 37, 52, 97, 93, 67, 67, 65, 84, 15, 27, 43, 37, 20, 91, 63, 48, 71, 88, 47, 29, 96, 52, 22, 20, 27, 90, 26, 88, 56, 43, 81, 77, 83, 97, 68, 86, 99, 13, 45, 21, 15, 29, 63, 14, 63, 83, 17, 86, 100, 58, 62, 60]
payment: [0, 0, 0, 0, 0, 0, 0, 0, 0, 0, 0, 0, 0, 0, 0, 0, 0, 0, 0, 0, 0, 0, 0, 0, 0, 0, 0, 0, 0, 0, 0, 0, 0, 0, 0, 0, 0, 0, 0, 0, 0, 0, 0, 0, 0, 0, 0, 0, 0, 0, 0, 0, 0, 0, 0, 0, 0, 0, 0, 0, 0, 0, 0, 0, 0, 0, 0, 0, 0, 0, 0, 0, 0, 0, 0, 0, 0, 0, 0, 0, 0, 0, 0, 0, 0, 0, 0, 0, 0, 0, 0, 0, 0, 0, 0, 0, 0, 0, 0, 0, 0, 0, 0, 0, 0, 0, 0, 0, 0, 0, 0, 0, 0, 0, 0, 0, 0, 0, 0, 0, 0, 0, 0, 0, 0, 0, 0, 0, 0, 0, 0, 0, 0, 0, 0, 0, 0, 0, 0, 0, 0, 0, 0, 3000, 0, 0, 0, 0, 0, 0, 0, 0, 0, 0, 0, 0, 0, 0, 0, 0, 0, 0, 0, 0, 0, 0, 0, 0, 0, 0, 0, 0, 0, 0, 0, 0, 0, 0, 0, 0, 0, 0, 0, 0, 0, 0, 0, 0, 0, 0, 0, 0, 0, 0, 0, 0, 0, 0, 0, 0]
Allocation: [0, 0, 0, 0, 0, 0, 0, 0, 0, 0, 0, 0, 0, 0, 0, 0, 0, 0, 0, 0, 0, 0, 0, 0, 0, 0, 0, 0, 0, 0, 0, 0, 0, 0, 0, 0, 0, 0, 0, 0, 0, 0, 0, 0, 0, 0, 0, 0, 0, 0, 0, 0, 0, 0, 0, 0, 0, 0, 0, 0, 0, 0, 0, 0, 0, 0, 0, 0, 0, 0, 0, 0, 0, 0, 0, 0, 0, 0, 0, 0, 0, 0, 0, 0, 0, 0, 0, 0, 0, 0, 0, 0, 0, 0, 0, 0, 0, 0, 0, 0, 0, 0, 0, 0, 0, 0, 0, 0, 0, 0, 0, 0, 0, 0, 0, 0, 0, 0, 0, 0, 0, 0, 0, 0, 0, 0, 0, 0, 0, 0, 0, 0, 0, 0, 0, 0, 0, 0, 0, 0, 0, 0, 0, 30, 0, 0, 0, 0, 0, 0, 0, 0, 0, 0, 0, 0, 0, 0, 0, 0, 0, 0, 0, 0, 0, 0, 0, 0, 0, 0, 0, 0, 0, 0, 0, 0, 0, 0, 0, 0, 0, 0, 0, 0, 0, 0, 0, 0, 0, 0, 0, 0, 0, 0, 0, 0, 0, 0, 0, 0]
====================
入札者数: 200, 財の個数: 30
入札額: [71, 66, 18, 50, 35, 95, 56, 38, 55, 55, 100, 12, 81, 36, 67, 41, 34, 11, 30, 64, 51, 79, 63, 80, 39, 32, 95, 45, 43, 20, 37, 88, 15, 28, 12, 22, 60, 79, 14, 71, 67, 10, 69, 71, 79, 55, 69, 83, 28, 95, 46, 12, 50, 90, 34, 46, 59, 82, 88, 53, 30, 85, 33, 82, 11, 78, 76, 42, 33, 100, 96, 44, 49, 70, 99, 21, 91, 46, 46, 99, 78, 18, 92, 47, 83, 75, 37, 20, 11, 27, 64, 29, 47, 29, 29, 92, 25, 91, 75, 85, 53, 17, 30, 33, 23, 54, 92, 66, 59, 68, 31, 59, 75, 26, 94, 92, 96, 39, 12, 12, 97, 12, 41, 77, 59, 21, 68, 18, 23, 99, 17, 59, 77, 47, 90, 45, 25, 19, 75, 28, 40, 33, 22, 48, 99, 11, 10, 98, 49, 11, 63, 12, 75, 82, 27, 27, 90, 81, 22, 32, 45, 25, 78, 40, 51, 88, 18, 94, 45, 21, 79, 46, 14, 54, 47, 19, 88, 40, 32, 55, 50, 47, 75, 87, 37, 14, 13, 28, 20, 60, 67, 48, 37, 91, 87, 12, 25, 76, 69, 26]
payment: [0, 0, 0, 0, 0, 0, 0, 0, 0, 0, 3000, 0, 0, 0, 0, 0, 0, 0, 0, 0, 0, 0, 0, 0, 0, 0, 0, 0, 0, 0, 0, 0, 0, 0, 0, 0, 0, 0, 0, 0, 0, 0, 0, 0, 0, 0, 0, 0, 0, 0, 0, 0, 0, 0, 0, 0, 0, 0, 0, 0, 0, 0, 0, 0, 0, 0, 0, 0, 0, 0, 0, 0, 0, 0, 0, 0, 0, 0, 0, 0, 0, 0, 0, 0, 0, 0, 0, 0, 0, 0, 0, 0, 0, 0, 0, 0, 0, 0, 0, 0, 0, 0, 0, 0, 0, 0, 0, 0, 0, 0, 0, 0, 0, 0, 0, 0, 0, 0, 0, 0, 0, 0, 0, 0, 0, 0, 0, 0, 0, 0, 0, 0, 0, 0, 0, 0, 0, 0, 0, 0, 0, 0, 0, 0, 0, 0, 0, 0, 0, 0, 0, 0, 0, 0, 0, 0, 0, 0, 0, 0, 0, 0, 0, 0, 0, 0, 0, 0, 0, 0, 0, 0, 0, 0, 0, 0, 0, 0, 0, 0, 0, 0, 0, 0, 0, 0, 0, 0, 0, 0, 0, 0, 0, 0, 0, 0, 0, 0, 0, 0]
Allocation: [0, 0, 0, 0, 0, 0, 0, 0, 0, 0, 30, 0, 0, 0, 0, 0, 0, 0, 0, 0, 0, 0, 0, 0, 0, 0, 0, 0, 0, 0, 0, 0, 0, 0, 0, 0, 0, 0, 0, 0, 0, 0, 0, 0, 0, 0, 0, 0, 0, 0, 0, 0, 0, 0, 0, 0, 0, 0, 0, 0, 0, 0, 0, 0, 0, 0, 0, 0, 0, 0, 0, 0, 0, 0, 0, 0, 0, 0, 0, 0, 0, 0, 0, 0, 0, 0, 0, 0, 0, 0, 0, 0, 0, 0, 0, 0, 0, 0, 0, 0, 0, 0, 0, 0, 0, 0, 0, 0, 0, 0, 0, 0, 0, 0, 0, 0, 0, 0, 0, 0, 0, 0, 0, 0, 0, 0, 0, 0, 0, 0, 0, 0, 0, 0, 0, 0, 0, 0, 0, 0, 0, 0, 0, 0, 0, 0, 0, 0, 0, 0, 0, 0, 0, 0, 0, 0, 0, 0, 0, 0, 0, 0, 0, 0, 0, 0, 0, 0, 0, 0, 0, 0, 0, 0, 0, 0, 0, 0, 0, 0, 0, 0, 0, 0, 0, 0, 0, 0, 0, 0, 0, 0, 0, 0, 0, 0, 0, 0, 0, 0]
====================
入札者数: 200, 財の個数: 30
入札額: [51, 96, 22, 96, 39, 54, 44, 21, 80, 49, 42, 19, 98, 46, 29, 59, 92, 87, 68, 20, 99, 33, 92, 96, 21, 50, 82, 73, 69, 81, 17, 72, 76, 67, 13, 93, 96, 70, 18, 74, 86, 57, 22, 86, 34, 17, 26, 20, 19, 63, 58, 62, 37, 66, 83, 17, 78, 90, 18, 100, 36, 68, 67, 57, 27, 15, 86, 17, 68, 30, 42, 90, 10, 23, 70, 15, 53, 47, 26, 30, 86, 10, 25, 82, 96, 27, 80, 55, 15, 76, 15, 20, 75, 34, 49, 26, 37, 95, 25, 68, 91, 70, 46, 21, 52, 18, 63, 25, 14, 29, 96, 55, 14, 76, 18, 70, 93, 68, 41, 90, 70, 73, 97, 13, 17, 52, 31, 26, 37, 79, 80, 36, 51, 89, 81, 49, 21, 59, 69, 38, 10, 19, 76, 68, 54, 45, 72, 74, 76, 37, 92, 94, 71, 77, 34, 31, 45, 93, 67, 36, 12, 84, 69, 27, 38, 43, 65, 55, 87, 88, 43, 73, 74, 99, 52, 38, 11, 55, 86, 15, 76, 57, 70, 16, 72, 87, 17, 69, 41, 37, 20, 42, 72, 94, 97, 70, 28, 46, 46, 79]
payment: [0, 0, 0, 0, 0, 0, 0, 0, 0, 0, 0, 0, 0, 0, 0, 0, 0, 0, 0, 0, 0, 0, 0, 0, 0, 0, 0, 0, 0, 0, 0, 0, 0, 0, 0, 0, 0, 0, 0, 0, 0, 0, 0, 0, 0, 0, 0, 0, 0, 0, 0, 0, 0, 0, 0, 0, 0, 0, 0, 2970, 0, 0, 0, 0, 0, 0, 0, 0, 0, 0, 0, 0, 0, 0, 0, 0, 0, 0, 0, 0, 0, 0, 0, 0, 0, 0, 0, 0, 0, 0, 0, 0, 0, 0, 0, 0, 0, 0, 0, 0, 0, 0, 0, 0, 0, 0, 0, 0, 0, 0, 0, 0, 0, 0, 0, 0, 0, 0, 0, 0, 0, 0, 0, 0, 0, 0, 0, 0, 0, 0, 0, 0, 0, 0, 0, 0, 0, 0, 0, 0, 0, 0, 0, 0, 0, 0, 0, 0, 0, 0, 0, 0, 0, 0, 0, 0, 0, 0, 0, 0, 0, 0, 0, 0, 0, 0, 0, 0, 0, 0, 0, 0, 0, 0, 0, 0, 0, 0, 0, 0, 0, 0, 0, 0, 0, 0, 0, 0, 0, 0, 0, 0, 0, 0, 0, 0, 0, 0, 0, 0]
Allocation: [0, 0, 0, 0, 0, 0, 0, 0, 0, 0, 0, 0, 0, 0, 0, 0, 0, 0, 0, 0, 0, 0, 0, 0, 0, 0, 0, 0, 0, 0, 0, 0, 0, 0, 0, 0, 0, 0, 0, 0, 0, 0, 0, 0, 0, 0, 0, 0, 0, 0, 0, 0, 0, 0, 0, 0, 0, 0, 0, 30, 0, 0, 0, 0, 0, 0, 0, 0, 0, 0, 0, 0, 0, 0, 0, 0, 0, 0, 0, 0, 0, 0, 0, 0, 0, 0, 0, 0, 0, 0, 0, 0, 0, 0, 0, 0, 0, 0, 0, 0, 0, 0, 0, 0, 0, 0, 0, 0, 0, 0, 0, 0, 0, 0, 0, 0, 0, 0, 0, 0, 0, 0, 0, 0, 0, 0, 0, 0, 0, 0, 0, 0, 0, 0, 0, 0, 0, 0, 0, 0, 0, 0, 0, 0, 0, 0, 0, 0, 0, 0, 0, 0, 0, 0, 0, 0, 0, 0, 0, 0, 0, 0, 0, 0, 0, 0, 0, 0, 0, 0, 0, 0, 0, 0, 0, 0, 0, 0, 0, 0, 0, 0, 0, 0, 0, 0, 0, 0, 0, 0, 0, 0, 0, 0, 0, 0, 0, 0, 0, 0]
====================
入札者数: 200, 財の個数: 30
入札額: [34, 40, 87, 64, 14, 65, 87, 19, 46, 33, 72, 97, 40, 22, 60, 11, 21, 76, 69, 35, 56, 24, 46, 36, 83, 94, 85, 78, 69, 86, 36, 40, 25, 48, 23, 82, 89, 77, 24, 92, 51, 98, 98, 68, 42, 38, 88, 74, 39, 53, 24, 43, 53, 16, 72, 27, 79, 96, 42, 48, 34, 76, 70, 64, 37, 71, 48, 30, 14, 38, 86, 37, 45, 92, 63, 34, 30, 71, 28, 55, 41, 47, 86, 22, 50, 84, 82, 19, 31, 64, 16, 83, 33, 34, 33, 41, 24, 78, 51, 87, 59, 90, 90, 39, 89, 74, 45, 96, 53, 32, 61, 87, 82, 10, 81, 91, 45, 97, 18, 14, 97, 24, 30, 27, 31, 59, 40, 38, 17, 26, 71, 83, 80, 40, 15, 95, 23, 37, 77, 72, 28, 88, 87, 75, 25, 57, 91, 36, 18, 33, 83, 85, 62, 48, 67, 16, 82, 66, 42, 67, 85, 58, 59, 40, 69, 89, 39, 44, 65, 32, 84, 11, 91, 69, 22, 25, 10, 35, 39, 65, 50, 50, 93, 29, 98, 78, 10, 85, 85, 67, 26, 23, 44, 76, 86, 65, 17, 79, 77, 25]
payment: [0, 0, 0, 0, 0, 0, 0, 0, 0, 0, 0, 0, 0, 0, 0, 0, 0, 0, 0, 0, 0, 0, 0, 0, 0, 0, 0, 0, 0, 0, 0, 0, 0, 0, 0, 0, 0, 0, 0, 0, 0, 2940, 0, 0, 0, 0, 0, 0, 0, 0, 0, 0, 0, 0, 0, 0, 0, 0, 0, 0, 0, 0, 0, 0, 0, 0, 0, 0, 0, 0, 0, 0, 0, 0, 0, 0, 0, 0, 0, 0, 0, 0, 0, 0, 0, 0, 0, 0, 0, 0, 0, 0, 0, 0, 0, 0, 0, 0, 0, 0, 0, 0, 0, 0, 0, 0, 0, 0, 0, 0, 0, 0, 0, 0, 0, 0, 0, 0, 0, 0, 0, 0, 0, 0, 0, 0, 0, 0, 0, 0, 0, 0, 0, 0, 0, 0, 0, 0, 0, 0, 0, 0, 0, 0, 0, 0, 0, 0, 0, 0, 0, 0, 0, 0, 0, 0, 0, 0, 0, 0, 0, 0, 0, 0, 0, 0, 0, 0, 0, 0, 0, 0, 0, 0, 0, 0, 0, 0, 0, 0, 0, 0, 0, 0, 0, 0, 0, 0, 0, 0, 0, 0, 0, 0, 0, 0, 0, 0, 0, 0]
Allocation: [0, 0, 0, 0, 0, 0, 0, 0, 0, 0, 0, 0, 0, 0, 0, 0, 0, 0, 0, 0, 0, 0, 0, 0, 0, 0, 0, 0, 0, 0, 0, 0, 0, 0, 0, 0, 0, 0, 0, 0, 0, 30, 0, 0, 0, 0, 0, 0, 0, 0, 0, 0, 0, 0, 0, 0, 0, 0, 0, 0, 0, 0, 0, 0, 0, 0, 0, 0, 0, 0, 0, 0, 0, 0, 0, 0, 0, 0, 0, 0, 0, 0, 0, 0, 0, 0, 0, 0, 0, 0, 0, 0, 0, 0, 0, 0, 0, 0, 0, 0, 0, 0, 0, 0, 0, 0, 0, 0, 0, 0, 0, 0, 0, 0, 0, 0, 0, 0, 0, 0, 0, 0, 0, 0, 0, 0, 0, 0, 0, 0, 0, 0, 0, 0, 0, 0, 0, 0, 0, 0, 0, 0, 0, 0, 0, 0, 0, 0, 0, 0, 0, 0, 0, 0, 0, 0, 0, 0, 0, 0, 0, 0, 0, 0, 0, 0, 0, 0, 0, 0, 0, 0, 0, 0, 0, 0, 0, 0, 0, 0, 0, 0, 0, 0, 0, 0, 0, 0, 0, 0, 0, 0, 0, 0, 0, 0, 0, 0, 0, 0]
====================
入札者数: 200, 財の個数: 30
入札額: [47, 81, 65, 58, 98, 44, 11, 44, 72, 94, 38, 88, 15, 32, 98, 24, 11, 84, 53, 71, 44, 53, 16, 21, 46, 54, 58, 31, 91, 14, 36, 69, 72, 23, 80, 32, 83, 23, 26, 34, 61, 58, 84, 31, 17, 18, 97, 88, 51, 24, 27, 78, 53, 58, 47, 49, 55, 37, 23, 22, 19, 42, 53, 37, 31, 67, 85, 66, 22, 15, 28, 99, 35, 41, 65, 45, 73, 56, 76, 45, 76, 51, 21, 40, 96, 11, 89, 100, 21, 53, 66, 17, 85, 30, 45, 34, 52, 100, 38, 33, 27, 80, 66, 36, 85, 71, 98, 88, 88, 97, 95, 43, 95, 64, 91, 29, 61, 79, 47, 85, 78, 44, 78, 83, 20, 63, 81, 91, 93, 73, 66, 83, 20, 62, 72, 56, 10, 52, 24, 87, 96, 34, 65, 48, 47, 89, 67, 42, 99, 85, 76, 12, 39, 77, 40, 24, 80, 12, 76, 18, 23, 36, 79, 68, 79, 67, 55, 43, 64, 40, 56, 83, 34, 94, 25, 98, 89, 89, 13, 20, 46, 52, 87, 16, 95, 21, 47, 29, 87, 64, 18, 92, 26, 47, 55, 34, 35, 48, 14, 63]
payment: [0, 0, 0, 0, 0, 0, 0, 0, 0, 0, 0, 0, 0, 0, 0, 0, 0, 0, 0, 0, 0, 0, 0, 0, 0, 0, 0, 0, 0, 0, 0, 0, 0, 0, 0, 0, 0, 0, 0, 0, 0, 0, 0, 0, 0, 0, 0, 0, 0, 0, 0, 0, 0, 0, 0, 0, 0, 0, 0, 0, 0, 0, 0, 0, 0, 0, 0, 0, 0, 0, 0, 0, 0, 0, 0, 0, 0, 0, 0, 0, 0, 0, 0, 0, 0, 0, 0, 3000, 0, 0, 0, 0, 0, 0, 0, 0, 0, 0, 0, 0, 0, 0, 0, 0, 0, 0, 0, 0, 0, 0, 0, 0, 0, 0, 0, 0, 0, 0, 0, 0, 0, 0, 0, 0, 0, 0, 0, 0, 0, 0, 0, 0, 0, 0, 0, 0, 0, 0, 0, 0, 0, 0, 0, 0, 0, 0, 0, 0, 0, 0, 0, 0, 0, 0, 0, 0, 0, 0, 0, 0, 0, 0, 0, 0, 0, 0, 0, 0, 0, 0, 0, 0, 0, 0, 0, 0, 0, 0, 0, 0, 0, 0, 0, 0, 0, 0, 0, 0, 0, 0, 0, 0, 0, 0, 0, 0, 0, 0, 0, 0]
Allocation: [0, 0, 0, 0, 0, 0, 0, 0, 0, 0, 0, 0, 0, 0, 0, 0, 0, 0, 0, 0, 0, 0, 0, 0, 0, 0, 0, 0, 0, 0, 0, 0, 0, 0, 0, 0, 0, 0, 0, 0, 0, 0, 0, 0, 0, 0, 0, 0, 0, 0, 0, 0, 0, 0, 0, 0, 0, 0, 0, 0, 0, 0, 0, 0, 0, 0, 0, 0, 0, 0, 0, 0, 0, 0, 0, 0, 0, 0, 0, 0, 0, 0, 0, 0, 0, 0, 0, 30, 0, 0, 0, 0, 0, 0, 0, 0, 0, 0, 0, 0, 0, 0, 0, 0, 0, 0, 0, 0, 0, 0, 0, 0, 0, 0, 0, 0, 0, 0, 0, 0, 0, 0, 0, 0, 0, 0, 0, 0, 0, 0, 0, 0, 0, 0, 0, 0, 0, 0, 0, 0, 0, 0, 0, 0, 0, 0, 0, 0, 0, 0, 0, 0, 0, 0, 0, 0, 0, 0, 0, 0, 0, 0, 0, 0, 0, 0, 0, 0, 0, 0, 0, 0, 0, 0, 0, 0, 0, 0, 0, 0, 0, 0, 0, 0, 0, 0, 0, 0, 0, 0, 0, 0, 0, 0, 0, 0, 0, 0, 0, 0]
平均実行時間: 1.560180 秒
