====================
入札者数: 10
財の個数: 20
傾き:
[
[63, 33, 25, 64, 21, 35, 79, 46, 26, 59]
[20, 44, 78, 39, 76, 68, 28, 93, 21, 30]
[68, 12, 48, 72, 16, 83, 64, 74, 81, 100]
[64, 11, 71, 12, 93, 82, 36, 74, 39, 93]
[83, 83, 23, 97, 90, 41, 26, 15, 52, 19]
[61, 15, 98, 51, 29, 58, 68, 34, 65, 18]
[49, 89, 59, 27, 46, 19, 47, 88, 54, 87]
[92, 85, 45, 14, 91, 86, 94, 66, 49, 35]
[29, 32, 90, 13, 46, 97, 68, 99, 79, 72]
[30, 17, 93, 88, 97, 82, 91, 68, 28, 58]
]
需要区間:
[
[[0, 1], [2, 3], [4, 5], [6, 7], [8, 9], [10, 11], [12, 13], [14, 15], [16, 17], [18, 20]]
[[0, 1], [2, 3], [4, 5], [6, 7], [8, 9], [10, 11], [12, 13], [14, 15], [16, 17], [18, 20]]
[[0, 1], [2, 3], [4, 5], [6, 7], [8, 9], [10, 11], [12, 13], [14, 15], [16, 17], [18, 20]]
[[0, 1], [2, 3], [4, 5], [6, 7], [8, 9], [10, 11], [12, 13], [14, 15], [16, 17], [18, 20]]
[[0, 1], [2, 3], [4, 5], [6, 7], [8, 9], [10, 11], [12, 13], [14, 15], [16, 17], [18, 20]]
[[0, 1], [2, 3], [4, 5], [6, 7], [8, 9], [10, 11], [12, 13], [14, 15], [16, 17], [18, 20]]
[[0, 1], [2, 3], [4, 5], [6, 7], [8, 9], [10, 11], [12, 13], [14, 15], [16, 17], [18, 20]]
[[0, 1], [2, 3], [4, 5], [6, 7], [8, 9], [10, 11], [12, 13], [14, 15], [16, 17], [18, 20]]
[[0, 1], [2, 3], [4, 5], [6, 7], [8, 9], [10, 11], [12, 13], [14, 15], [16, 17], [18, 20]]
[[0, 1], [2, 3], [4, 5], [6, 7], [8, 9], [10, 11], [12, 13], [14, 15], [16, 17], [18, 20]]
]
Max value: 2000
====================
入札者数: 10
財の個数: 20
傾き:
[
[87, 52, 81, 24, 82]
[92, 15, 48, 42, 24]
[29, 79, 97, 94, 18]
[61, 69, 54, 65, 51]
[36, 28, 43, 31, 52]
[30, 35, 37, 72, 41]
[80, 89, 93, 13, 91]
[51, 82, 44, 24, 32]
[70, 73, 60, 16, 72]
[50, 34, 89, 14, 97]
]
需要区間:
[
[[0, 3], [4, 7], [8, 11], [12, 15], [16, 20]]
[[0, 3], [4, 7], [8, 11], [12, 15], [16, 20]]
[[0, 3], [4, 7], [8, 11], [12, 15], [16, 20]]
[[0, 3], [4, 7], [8, 11], [12, 15], [16, 20]]
[[0, 3], [4, 7], [8, 11], [12, 15], [16, 20]]
[[0, 3], [4, 7], [8, 11], [12, 15], [16, 20]]
[[0, 3], [4, 7], [8, 11], [12, 15], [16, 20]]
[[0, 3], [4, 7], [8, 11], [12, 15], [16, 20]]
[[0, 3], [4, 7], [8, 11], [12, 15], [16, 20]]
[[0, 3], [4, 7], [8, 11], [12, 15], [16, 20]]
]
Max value: 1940
====================
入札者数: 10
財の個数: 20
傾き:
[
[68, 57, 97, 13, 98, 78, 52, 28]
[70, 40, 94, 52, 48, 59, 66, 54]
[89, 21, 85, 45, 66, 76, 56, 85]
[46, 24, 28, 60, 89, 37, 53, 41]
[81, 97, 70, 80, 30, 92, 70, 41]
[86, 93, 38, 77, 65, 46, 12, 65]
[39, 74, 62, 12, 77, 61, 78, 46]
[47, 65, 97, 76, 31, 96, 48, 46]
[79, 90, 21, 44, 18, 65, 30, 73]
[37, 64, 44, 96, 23, 45, 29, 27]
]
需要区間:
[
[[0, 4], [5, 6], [7, 9], [10, 11], [12, 13], [14, 15], [16, 17], [18, 20]]
[[0, 4], [5, 7], [8, 9], [10, 11], [12, 13], [14, 15], [16, 17], [18, 20]]
[[0, 2], [3, 6], [7, 8], [9, 10], [11, 13], [14, 15], [16, 17], [18, 20]]
[[0, 1], [2, 6], [7, 8], [9, 11], [12, 13], [14, 15], [16, 17], [18, 20]]
[[0, 1], [2, 4], [5, 6], [7, 9], [10, 11], [12, 13], [14, 17], [18, 20]]
[[0, 1], [2, 6], [7, 9], [10, 11], [12, 13], [14, 15], [16, 17], [18, 20]]
[[0, 3], [4, 7], [8, 9], [10, 11], [12, 13], [14, 15], [16, 17], [18, 20]]
[[0, 4], [5, 6], [7, 9], [10, 11], [12, 13], [14, 15], [16, 17], [18, 20]]
[[0, 3], [4, 6], [7, 8], [9, 11], [12, 13], [14, 15], [16, 17], [18, 20]]
[[0, 3], [4, 5], [6, 9], [10, 11], [12, 13], [14, 15], [16, 17], [18, 20]]
]
Max value: 1953
====================
入札者数: 10
財の個数: 20
傾き:
[
[32, 45, 85, 26, 85, 93, 20, 18, 63]
[50, 67, 32, 35, 54, 25, 31, 95, 45]
[55, 89, 80, 54, 78, 80, 71, 60, 39]
[84, 41, 52, 99, 33, 91, 63, 60, 21]
[100, 50, 21, 43, 31, 56, 64, 46, 51]
[23, 54, 69, 55, 55, 32, 20, 35, 93]
[18, 78, 66, 98, 45, 76, 87, 69, 11]
[60, 28, 75, 64, 18, 99, 40, 46, 79]
[89, 74, 64, 42, 55, 100, 24, 17, 32]
[52, 41, 52, 36, 61, 71, 81, 46, 32]
]
需要区間:
[
[[0, 2], [3, 4], [5, 6], [7, 8], [9, 11], [12, 13], [14, 15], [16, 17], [18, 20]]
[[0, 3], [4, 5], [6, 7], [8, 9], [10, 11], [12, 13], [14, 15], [16, 17], [18, 20]]
[[0, 3], [4, 5], [6, 7], [8, 9], [10, 11], [12, 13], [14, 15], [16, 17], [18, 20]]
[[0, 3], [4, 5], [6, 7], [8, 9], [10, 11], [12, 13], [14, 15], [16, 17], [18, 20]]
[[0, 3], [4, 5], [6, 7], [8, 9], [10, 11], [12, 13], [14, 15], [16, 17], [18, 20]]
[[0, 1], [2, 5], [6, 7], [8, 9], [10, 11], [12, 13], [14, 15], [16, 17], [18, 20]]
[[0, 3], [4, 5], [6, 7], [8, 9], [10, 11], [12, 13], [14, 15], [16, 17], [18, 20]]
[[0, 3], [4, 5], [6, 7], [8, 9], [10, 11], [12, 13], [14, 15], [16, 17], [18, 20]]
[[0, 3], [4, 5], [6, 7], [8, 9], [10, 11], [12, 13], [14, 15], [16, 17], [18, 20]]
[[0, 1], [2, 3], [4, 7], [8, 9], [10, 11], [12, 13], [14, 15], [16, 17], [18, 20]]
]
Max value: 1992
====================
入札者数: 10
財の個数: 20
傾き:
[
[51, 97, 80, 54, 39, 47, 61, 77, 20]
[57, 75, 64, 35, 44, 37, 36, 82, 97]
[17, 54, 98, 88, 70, 42, 50, 17, 24]
[84, 95, 17, 30, 61, 65, 87, 19, 45]
[61, 54, 56, 84, 28, 94, 20, 81, 84]
[25, 40, 84, 88, 11, 59, 87, 21, 19]
[39, 26, 74, 94, 90, 15, 11, 59, 99]
[34, 22, 85, 38, 47, 62, 31, 88, 94]
[60, 74, 42, 60, 47, 68, 48, 89, 85]
[33, 89, 36, 68, 31, 33, 91, 20, 63]
]
需要区間:
[
[[0, 3], [4, 5], [6, 7], [8, 9], [10, 11], [12, 13], [14, 15], [16, 17], [18, 20]]
[[0, 1], [2, 3], [4, 5], [6, 8], [9, 10], [11, 12], [13, 14], [15, 16], [17, 20]]
[[0, 2], [3, 5], [6, 7], [8, 9], [10, 11], [12, 13], [14, 15], [16, 17], [18, 20]]
[[0, 3], [4, 5], [6, 7], [8, 9], [10, 11], [12, 13], [14, 15], [16, 17], [18, 20]]
[[0, 1], [2, 3], [4, 7], [8, 9], [10, 11], [12, 13], [14, 15], [16, 17], [18, 20]]
[[0, 1], [2, 5], [6, 7], [8, 9], [10, 11], [12, 13], [14, 15], [16, 17], [18, 20]]
[[0, 3], [4, 5], [6, 7], [8, 9], [10, 11], [12, 13], [14, 15], [16, 17], [18, 20]]
[[0, 1], [2, 4], [5, 7], [8, 9], [10, 11], [12, 13], [14, 15], [16, 17], [18, 20]]
[[0, 1], [2, 4], [5, 7], [8, 9], [10, 11], [12, 13], [14, 15], [16, 17], [18, 20]]
[[0, 1], [2, 5], [6, 7], [8, 9], [10, 11], [12, 13], [14, 15], [16, 17], [18, 20]]
]
Max value: 1980
====================
入札者数: 10
財の個数: 20
傾き:
[
[23, 63, 81, 70, 59, 91, 46, 20, 45]
[31, 57, 24, 97, 95, 73, 20, 63, 87]
[17, 20, 34, 73, 85, 79, 26, 73, 24]
[12, 22, 72, 90, 24, 53, 59, 42, 49]
[66, 37, 54, 69, 37, 75, 59, 32, 56]
[12, 16, 65, 64, 91, 70, 60, 86, 26]
[76, 38, 67, 65, 27, 78, 56, 34, 16]
[80, 30, 48, 19, 72, 87, 55, 93, 84]
[36, 93, 84, 79, 84, 29, 15, 29, 61]
[16, 85, 16, 12, 12, 42, 17, 57, 51]
]
需要区間:
[
[[0, 3], [4, 5], [6, 7], [8, 9], [10, 11], [12, 13], [14, 15], [16, 17], [18, 20]]
[[0, 3], [4, 5], [6, 7], [8, 9], [10, 11], [12, 13], [14, 15], [16, 17], [18, 20]]
[[0, 1], [2, 5], [6, 7], [8, 9], [10, 11], [12, 13], [14, 15], [16, 17], [18, 20]]
[[0, 2], [3, 5], [6, 7], [8, 9], [10, 11], [12, 13], [14, 15], [16, 17], [18, 20]]
[[0, 1], [2, 5], [6, 7], [8, 9], [10, 11], [12, 13], [14, 15], [16, 17], [18, 20]]
[[0, 1], [2, 3], [4, 5], [6, 7], [8, 11], [12, 13], [14, 15], [16, 17], [18, 20]]
[[0, 3], [4, 5], [6, 7], [8, 9], [10, 11], [12, 13], [14, 15], [16, 17], [18, 20]]
[[0, 1], [2, 4], [5, 6], [7, 8], [9, 11], [12, 13], [14, 15], [16, 17], [18, 20]]
[[0, 2], [3, 4], [5, 7], [8, 9], [10, 11], [12, 13], [14, 15], [16, 17], [18, 20]]
[[0, 3], [4, 5], [6, 7], [8, 9], [10, 11], [12, 13], [14, 15], [16, 17], [18, 20]]
]
Max value: 1880
====================
入札者数: 10
財の個数: 20
傾き:
[
[91, 84, 98, 60, 47]
[43, 66, 100, 81, 59]
[75, 18, 56, 91, 99]
[68, 14, 40, 29, 80]
[97, 12, 33, 35, 22]
[32, 58, 32, 65, 13]
[18, 28, 77, 48, 87]
[17, 38, 61, 98, 39]
[87, 35, 68, 92, 17]
[19, 39, 29, 40, 67]
]
需要区間:
[
[[0, 3], [4, 7], [8, 11], [12, 15], [16, 20]]
[[0, 3], [4, 7], [8, 11], [12, 15], [16, 20]]
[[0, 3], [4, 7], [8, 11], [12, 15], [16, 20]]
[[0, 3], [4, 7], [8, 11], [12, 15], [16, 20]]
[[0, 3], [4, 7], [8, 11], [12, 15], [16, 20]]
[[0, 3], [4, 7], [8, 11], [12, 15], [16, 20]]
[[0, 3], [4, 7], [8, 11], [12, 15], [16, 20]]
[[0, 3], [4, 7], [8, 11], [12, 15], [16, 20]]
[[0, 3], [4, 7], [8, 11], [12, 15], [16, 20]]
[[0, 3], [4, 7], [8, 11], [12, 15], [16, 20]]
]
Max value: 1982
====================
入札者数: 10
財の個数: 20
傾き:
[
[37, 56, 42, 87, 26, 90, 88, 36, 32]
[70, 15, 99, 100, 72, 29, 19, 45, 63]
[28, 68, 94, 41, 29, 67, 24, 70, 17]
[97, 60, 33, 36, 37, 13, 91, 93, 25]
[39, 40, 22, 31, 33, 13, 94, 43, 48]
[57, 51, 32, 27, 30, 28, 98, 38, 90]
[82, 16, 22, 98, 20, 62, 27, 47, 42]
[93, 98, 55, 34, 91, 42, 38, 87, 60]
[71, 91, 76, 23, 73, 36, 53, 35, 87]
[22, 11, 92, 40, 78, 69, 25, 67, 42]
]
需要区間:
[
[[0, 2], [3, 4], [5, 6], [7, 9], [10, 11], [12, 13], [14, 15], [16, 17], [18, 20]]
[[0, 1], [2, 5], [6, 7], [8, 9], [10, 11], [12, 13], [14, 15], [16, 17], [18, 20]]
[[0, 1], [2, 5], [6, 7], [8, 9], [10, 11], [12, 13], [14, 15], [16, 17], [18, 20]]
[[0, 3], [4, 5], [6, 7], [8, 9], [10, 11], [12, 13], [14, 15], [16, 17], [18, 20]]
[[0, 1], [2, 5], [6, 7], [8, 9], [10, 11], [12, 13], [14, 15], [16, 17], [18, 20]]
[[0, 1], [2, 4], [5, 6], [7, 9], [10, 11], [12, 13], [14, 15], [16, 17], [18, 20]]
[[0, 1], [2, 5], [6, 7], [8, 9], [10, 11], [12, 13], [14, 15], [16, 17], [18, 20]]
[[0, 3], [4, 5], [6, 7], [8, 9], [10, 11], [12, 13], [14, 15], [16, 17], [18, 20]]
[[0, 1], [2, 4], [5, 7], [8, 9], [10, 11], [12, 13], [14, 15], [16, 17], [18, 20]]
[[0, 3], [4, 5], [6, 7], [8, 9], [10, 11], [12, 13], [14, 15], [16, 17], [18, 20]]
]
Max value: 1976
====================
入札者数: 10
財の個数: 20
傾き:
[
[99, 80, 95, 23, 45, 29, 19, 84, 34, 56]
[50, 58, 57, 15, 17, 60, 53, 29, 32, 26]
[93, 26, 15, 71, 97, 96, 71, 54, 58, 81]
[20, 70, 73, 48, 47, 55, 34, 57, 64, 30]
[86, 22, 47, 33, 65, 30, 23, 83, 76, 16]
[44, 50, 29, 58, 20, 66, 66, 57, 14, 83]
[84, 89, 100, 54, 94, 91, 71, 57, 44, 30]
[95, 25, 23, 94, 89, 15, 40, 32, 45, 55]
[75, 39, 13, 18, 40, 17, 44, 48, 12, 65]
[87, 43, 42, 28, 78, 29, 18, 55, 18, 96]
]
需要区間:
[
[[0, 1], [2, 3], [4, 5], [6, 7], [8, 9], [10, 11], [12, 13], [14, 15], [16, 17], [18, 20]]
[[0, 1], [2, 3], [4, 5], [6, 7], [8, 9], [10, 11], [12, 13], [14, 15], [16, 17], [18, 20]]
[[0, 1], [2, 3], [4, 5], [6, 7], [8, 9], [10, 11], [12, 13], [14, 15], [16, 17], [18, 20]]
[[0, 1], [2, 3], [4, 5], [6, 7], [8, 9], [10, 11], [12, 13], [14, 15], [16, 17], [18, 20]]
[[0, 1], [2, 3], [4, 5], [6, 7], [8, 9], [10, 11], [12, 13], [14, 15], [16, 17], [18, 20]]
[[0, 1], [2, 3], [4, 5], [6, 7], [8, 9], [10, 11], [12, 13], [14, 15], [16, 17], [18, 20]]
[[0, 1], [2, 3], [4, 5], [6, 7], [8, 9], [10, 11], [12, 13], [14, 15], [16, 17], [18, 20]]
[[0, 1], [2, 3], [4, 5], [6, 7], [8, 9], [10, 11], [12, 13], [14, 15], [16, 17], [18, 20]]
[[0, 1], [2, 3], [4, 5], [6, 7], [8, 9], [10, 11], [12, 13], [14, 15], [16, 17], [18, 20]]
[[0, 1], [2, 3], [4, 5], [6, 7], [8, 9], [10, 11], [12, 13], [14, 15], [16, 17], [18, 20]]
]
Max value: 1943
====================
入札者数: 10
財の個数: 20
傾き:
[
[87, 60, 64, 78, 21, 91, 45, 19, 61, 19]
[56, 51, 45, 87, 87, 21, 83, 40, 80, 98]
[98, 45, 68, 77, 23, 95, 79, 63, 94, 18]
[21, 70, 26, 33, 34, 82, 99, 61, 66, 18]
[22, 23, 55, 86, 97, 23, 53, 54, 82, 95]
[86, 97, 93, 34, 19, 54, 12, 67, 20, 32]
[60, 36, 91, 34, 49, 48, 61, 87, 57, 82]
[76, 72, 78, 44, 79, 75, 84, 83, 35, 85]
[51, 75, 35, 66, 74, 54, 81, 58, 93, 45]
[54, 59, 69, 34, 94, 92, 45, 58, 67, 46]
]
需要区間:
[
[[0, 1], [2, 3], [4, 5], [6, 7], [8, 9], [10, 11], [12, 13], [14, 15], [16, 17], [18, 20]]
[[0, 1], [2, 3], [4, 5], [6, 7], [8, 9], [10, 11], [12, 13], [14, 15], [16, 17], [18, 20]]
[[0, 1], [2, 3], [4, 5], [6, 7], [8, 9], [10, 11], [12, 13], [14, 15], [16, 17], [18, 20]]
[[0, 1], [2, 3], [4, 5], [6, 7], [8, 9], [10, 11], [12, 13], [14, 15], [16, 17], [18, 20]]
[[0, 1], [2, 3], [4, 5], [6, 7], [8, 9], [10, 11], [12, 13], [14, 15], [16, 17], [18, 20]]
[[0, 1], [2, 3], [4, 5], [6, 7], [8, 9], [10, 11], [12, 13], [14, 15], [16, 17], [18, 20]]
[[0, 1], [2, 3], [4, 5], [6, 7], [8, 9], [10, 11], [12, 13], [14, 15], [16, 17], [18, 20]]
[[0, 1], [2, 3], [4, 5], [6, 7], [8, 9], [10, 11], [12, 13], [14, 15], [16, 17], [18, 20]]
[[0, 1], [2, 3], [4, 5], [6, 7], [8, 9], [10, 11], [12, 13], [14, 15], [16, 17], [18, 20]]
[[0, 1], [2, 3], [4, 5], [6, 7], [8, 9], [10, 11], [12, 13], [14, 15], [16, 17], [18, 20]]
]
Max value: 1964
平均実行時間: 0.0010782399796880782 秒
