====================
入札者数: 50
財の個数: 50
傾き:
[
[14, 84, 48, 37, 22, 14, 74, 71]
[29, 66, 23, 27, 78, 41, 68, 32]
[94, 11, 72, 46, 47, 78, 35, 39]
[99, 11, 67, 98, 98, 74, 62, 98]
[36, 49, 31, 62, 74, 76, 93, 39]
[91, 49, 84, 35, 69, 37, 28, 72]
[95, 11, 65, 52, 61, 93, 65, 12]
[47, 97, 27, 77, 26, 32, 35, 95]
[82, 31, 67, 96, 70, 16, 57, 20]
[27, 22, 63, 65, 16, 72, 62, 24]
[42, 92, 25, 35, 87, 81, 86, 72]
[99, 83, 99, 18, 48, 21, 57, 56]
[61, 70, 92, 60, 17, 43, 48, 89]
[45, 21, 53, 63, 14, 41, 25, 78]
[100, 58, 57, 29, 46, 51, 40, 85]
[91, 31, 53, 71, 14, 45, 67, 19]
[45, 95, 31, 66, 33, 96, 54, 60]
[21, 98, 82, 32, 45, 27, 15, 35]
[30, 93, 50, 24, 85, 59, 98, 26]
[86, 45, 63, 75, 29, 52, 16, 19]
[21, 19, 38, 64, 97, 71, 48, 50]
[21, 21, 48, 39, 77, 50, 30, 17]
[63, 12, 52, 98, 88, 86, 76, 50]
[13, 42, 31, 26, 33, 60, 97, 51]
[49, 75, 46, 12, 21, 96, 60, 48]
[68, 63, 17, 52, 51, 78, 36, 16]
[69, 88, 38, 66, 98, 96, 84, 28]
[52, 79, 85, 69, 34, 46, 45, 58]
[98, 31, 95, 62, 70, 62, 91, 45]
[80, 85, 45, 46, 86, 54, 23, 17]
[79, 31, 45, 26, 18, 98, 76, 61]
[41, 26, 31, 26, 12, 51, 42, 64]
[49, 15, 89, 99, 35, 57, 99, 60]
[34, 80, 78, 64, 33, 28, 45, 94]
[25, 71, 12, 79, 44, 17, 17, 77]
[77, 57, 54, 72, 34, 78, 25, 85]
[26, 82, 53, 81, 12, 23, 38, 72]
[56, 46, 46, 77, 65, 12, 24, 40]
[93, 15, 39, 54, 11, 81, 11, 87]
[85, 66, 47, 57, 13, 25, 73, 16]
[54, 10, 76, 81, 87, 92, 17, 34]
[33, 43, 90, 54, 82, 66, 93, 64]
[38, 49, 25, 36, 47, 37, 85, 74]
[44, 71, 26, 39, 78, 83, 22, 50]
[14, 90, 60, 74, 40, 25, 54, 90]
[56, 39, 22, 45, 20, 64, 64, 57]
[43, 60, 44, 73, 16, 98, 29, 10]
[84, 46, 92, 13, 84, 72, 55, 51]
[84, 48, 56, 52, 71, 84, 90, 45]
[29, 34, 74, 42, 91, 94, 41, 42]
]
需要区間:
[
[[0, 5], [6, 12], [13, 19], [20, 25], [26, 31], [32, 37], [38, 43], [44, 50]]
[[0, 7], [8, 13], [14, 19], [20, 25], [26, 31], [32, 37], [38, 43], [44, 50]]
[[0, 6], [7, 13], [14, 19], [20, 25], [26, 31], [32, 37], [38, 43], [44, 50]]
[[0, 7], [8, 13], [14, 19], [20, 25], [26, 31], [32, 37], [38, 43], [44, 50]]
[[0, 7], [8, 13], [14, 19], [20, 25], [26, 31], [32, 37], [38, 43], [44, 50]]
[[0, 5], [6, 12], [13, 18], [19, 24], [25, 31], [32, 37], [38, 43], [44, 50]]
[[0, 6], [7, 12], [13, 18], [19, 24], [25, 31], [32, 37], [38, 43], [44, 50]]
[[0, 6], [7, 12], [13, 19], [20, 25], [26, 31], [32, 37], [38, 43], [44, 50]]
[[0, 6], [7, 12], [13, 18], [19, 25], [26, 31], [32, 37], [38, 43], [44, 50]]
[[0, 7], [8, 13], [14, 19], [20, 25], [26, 31], [32, 37], [38, 43], [44, 50]]
[[0, 7], [8, 13], [14, 19], [20, 25], [26, 31], [32, 37], [38, 43], [44, 50]]
[[0, 6], [7, 12], [13, 18], [19, 24], [25, 30], [31, 36], [37, 43], [44, 50]]
[[0, 7], [8, 13], [14, 19], [20, 25], [26, 31], [32, 37], [38, 43], [44, 50]]
[[0, 5], [6, 12], [13, 19], [20, 25], [26, 31], [32, 37], [38, 43], [44, 50]]
[[0, 5], [6, 11], [12, 17], [18, 24], [25, 31], [32, 37], [38, 43], [44, 50]]
[[0, 7], [8, 13], [14, 19], [20, 25], [26, 31], [32, 37], [38, 43], [44, 50]]
[[0, 7], [8, 13], [14, 19], [20, 25], [26, 31], [32, 37], [38, 43], [44, 50]]
[[0, 7], [8, 13], [14, 19], [20, 25], [26, 31], [32, 37], [38, 43], [44, 50]]
[[0, 5], [6, 13], [14, 19], [20, 25], [26, 31], [32, 37], [38, 43], [44, 50]]
[[0, 5], [6, 11], [12, 19], [20, 25], [26, 31], [32, 37], [38, 43], [44, 50]]
[[0, 7], [8, 13], [14, 19], [20, 25], [26, 31], [32, 37], [38, 43], [44, 50]]
[[0, 7], [8, 13], [14, 19], [20, 25], [26, 31], [32, 37], [38, 43], [44, 50]]
[[0, 7], [8, 13], [14, 19], [20, 25], [26, 31], [32, 37], [38, 43], [44, 50]]
[[0, 5], [6, 13], [14, 19], [20, 25], [26, 31], [32, 37], [38, 43], [44, 50]]
[[0, 7], [8, 13], [14, 19], [20, 25], [26, 31], [32, 37], [38, 43], [44, 50]]
[[0, 6], [7, 13], [14, 19], [20, 25], [26, 31], [32, 37], [38, 43], [44, 50]]
[[0, 5], [6, 11], [12, 17], [18, 25], [26, 31], [32, 37], [38, 43], [44, 50]]
[[0, 6], [7, 13], [14, 19], [20, 25], [26, 31], [32, 37], [38, 43], [44, 50]]
[[0, 7], [8, 13], [14, 19], [20, 25], [26, 31], [32, 37], [38, 43], [44, 50]]
[[0, 6], [7, 13], [14, 19], [20, 25], [26, 31], [32, 37], [38, 43], [44, 50]]
[[0, 5], [6, 12], [13, 18], [19, 24], [25, 31], [32, 37], [38, 43], [44, 50]]
[[0, 5], [6, 13], [14, 19], [20, 25], [26, 31], [32, 37], [38, 43], [44, 50]]
[[0, 5], [6, 13], [14, 19], [20, 25], [26, 31], [32, 37], [38, 43], [44, 50]]
[[0, 5], [6, 12], [13, 19], [20, 25], [26, 31], [32, 37], [38, 43], [44, 50]]
[[0, 6], [7, 13], [14, 19], [20, 25], [26, 31], [32, 37], [38, 43], [44, 50]]
[[0, 6], [7, 13], [14, 19], [20, 25], [26, 31], [32, 37], [38, 43], [44, 50]]
[[0, 5], [6, 12], [13, 19], [20, 25], [26, 31], [32, 37], [38, 43], [44, 50]]
[[0, 6], [7, 12], [13, 19], [20, 25], [26, 31], [32, 37], [38, 43], [44, 50]]
[[0, 7], [8, 13], [14, 19], [20, 25], [26, 31], [32, 37], [38, 43], [44, 50]]
[[0, 5], [6, 12], [13, 18], [19, 25], [26, 31], [32, 37], [38, 43], [44, 50]]
[[0, 7], [8, 13], [14, 19], [20, 25], [26, 31], [32, 37], [38, 43], [44, 50]]
[[0, 7], [8, 13], [14, 19], [20, 25], [26, 31], [32, 37], [38, 43], [44, 50]]
[[0, 5], [6, 12], [13, 19], [20, 25], [26, 31], [32, 37], [38, 43], [44, 50]]
[[0, 7], [8, 13], [14, 19], [20, 25], [26, 31], [32, 37], [38, 43], [44, 50]]
[[0, 6], [7, 13], [14, 19], [20, 25], [26, 31], [32, 37], [38, 43], [44, 50]]
[[0, 5], [6, 12], [13, 18], [19, 25], [26, 31], [32, 37], [38, 43], [44, 50]]
[[0, 6], [7, 12], [13, 19], [20, 25], [26, 31], [32, 37], [38, 43], [44, 50]]
[[0, 7], [8, 13], [14, 19], [20, 25], [26, 31], [32, 37], [38, 43], [44, 50]]
[[0, 6], [7, 13], [14, 19], [20, 25], [26, 31], [32, 37], [38, 43], [44, 50]]
[[0, 5], [6, 13], [14, 19], [20, 25], [26, 31], [32, 37], [38, 43], [44, 50]]
]
Max value: 4955
====================
入札者数: 50
財の個数: 50
傾き:
[
[52, 97, 92, 16, 29]
[45, 100, 50, 62, 73]
[97, 29, 65, 77, 24]
[83, 100, 42, 48, 62]
[27, 39, 55, 49, 60]
[81, 89, 14, 35, 56]
[12, 14, 32, 47, 30]
[56, 40, 62, 91, 69]
[49, 11, 54, 69, 88]
[48, 50, 57, 97, 17]
[27, 32, 41, 32, 25]
[20, 79, 25, 17, 91]
[84, 54, 28, 72, 72]
[44, 72, 68, 22, 85]
[56, 18, 95, 94, 56]
[38, 94, 93, 20, 82]
[64, 12, 51, 47, 69]
[32, 57, 45, 59, 47]
[49, 47, 35, 73, 34]
[98, 14, 50, 60, 89]
[57, 46, 19, 58, 58]
[66, 100, 58, 26, 52]
[28, 46, 13, 67, 55]
[45, 40, 59, 43, 23]
[55, 73, 57, 91, 57]
[25, 74, 36, 38, 21]
[74, 15, 26, 90, 67]
[84, 80, 43, 46, 75]
[74, 21, 99, 28, 45]
[77, 58, 57, 74, 62]
[67, 97, 39, 35, 39]
[28, 80, 80, 92, 10]
[92, 46, 49, 15, 16]
[63, 13, 40, 34, 58]
[13, 28, 18, 30, 33]
[26, 54, 11, 53, 13]
[18, 95, 92, 51, 84]
[69, 70, 51, 18, 67]
[56, 91, 95, 76, 26]
[41, 52, 46, 70, 87]
[51, 13, 50, 17, 74]
[64, 96, 88, 77, 23]
[58, 96, 37, 61, 98]
[53, 58, 32, 33, 66]
[83, 10, 28, 12, 85]
[23, 71, 93, 57, 93]
[64, 12, 42, 100, 58]
[39, 65, 23, 79, 20]
[44, 37, 67, 66, 49]
[77, 24, 57, 64, 19]
]
需要区間:
[
[[0, 9], [10, 19], [20, 29], [30, 39], [40, 50]]
[[0, 9], [10, 19], [20, 29], [30, 39], [40, 50]]
[[0, 9], [10, 19], [20, 29], [30, 39], [40, 50]]
[[0, 9], [10, 19], [20, 29], [30, 39], [40, 50]]
[[0, 9], [10, 19], [20, 29], [30, 39], [40, 50]]
[[0, 9], [10, 19], [20, 29], [30, 39], [40, 50]]
[[0, 9], [10, 19], [20, 29], [30, 39], [40, 50]]
[[0, 9], [10, 19], [20, 29], [30, 39], [40, 50]]
[[0, 9], [10, 19], [20, 29], [30, 39], [40, 50]]
[[0, 9], [10, 19], [20, 29], [30, 39], [40, 50]]
[[0, 9], [10, 19], [20, 29], [30, 39], [40, 50]]
[[0, 9], [10, 19], [20, 29], [30, 39], [40, 50]]
[[0, 9], [10, 19], [20, 29], [30, 39], [40, 50]]
[[0, 9], [10, 19], [20, 29], [30, 39], [40, 50]]
[[0, 9], [10, 19], [20, 29], [30, 39], [40, 50]]
[[0, 9], [10, 19], [20, 29], [30, 39], [40, 50]]
[[0, 9], [10, 19], [20, 29], [30, 39], [40, 50]]
[[0, 9], [10, 19], [20, 29], [30, 39], [40, 50]]
[[0, 9], [10, 19], [20, 29], [30, 39], [40, 50]]
[[0, 9], [10, 19], [20, 29], [30, 39], [40, 50]]
[[0, 9], [10, 19], [20, 29], [30, 39], [40, 50]]
[[0, 9], [10, 19], [20, 29], [30, 39], [40, 50]]
[[0, 9], [10, 19], [20, 29], [30, 39], [40, 50]]
[[0, 9], [10, 19], [20, 29], [30, 39], [40, 50]]
[[0, 9], [10, 19], [20, 29], [30, 39], [40, 50]]
[[0, 9], [10, 19], [20, 29], [30, 39], [40, 50]]
[[0, 9], [10, 19], [20, 29], [30, 39], [40, 50]]
[[0, 9], [10, 19], [20, 29], [30, 39], [40, 50]]
[[0, 9], [10, 19], [20, 29], [30, 39], [40, 50]]
[[0, 9], [10, 19], [20, 29], [30, 39], [40, 50]]
[[0, 9], [10, 19], [20, 29], [30, 39], [40, 50]]
[[0, 9], [10, 19], [20, 29], [30, 39], [40, 50]]
[[0, 9], [10, 19], [20, 29], [30, 39], [40, 50]]
[[0, 9], [10, 19], [20, 29], [30, 39], [40, 50]]
[[0, 9], [10, 19], [20, 29], [30, 39], [40, 50]]
[[0, 9], [10, 19], [20, 29], [30, 39], [40, 50]]
[[0, 9], [10, 19], [20, 29], [30, 39], [40, 50]]
[[0, 9], [10, 19], [20, 29], [30, 39], [40, 50]]
[[0, 9], [10, 19], [20, 29], [30, 39], [40, 50]]
[[0, 9], [10, 19], [20, 29], [30, 39], [40, 50]]
[[0, 9], [10, 19], [20, 29], [30, 39], [40, 50]]
[[0, 9], [10, 19], [20, 29], [30, 39], [40, 50]]
[[0, 9], [10, 19], [20, 29], [30, 39], [40, 50]]
[[0, 9], [10, 19], [20, 29], [30, 39], [40, 50]]
[[0, 9], [10, 19], [20, 29], [30, 39], [40, 50]]
[[0, 9], [10, 19], [20, 29], [30, 39], [40, 50]]
[[0, 9], [10, 19], [20, 29], [30, 39], [40, 50]]
[[0, 9], [10, 19], [20, 29], [30, 39], [40, 50]]
[[0, 9], [10, 19], [20, 29], [30, 39], [40, 50]]
[[0, 9], [10, 19], [20, 29], [30, 39], [40, 50]]
]
Max value: 5000
====================
入札者数: 50
財の個数: 50
傾き:
[
[55, 80, 72, 19, 36, 22, 50, 82, 55]
[59, 42, 26, 58, 55, 14, 71, 87, 89]
[33, 27, 79, 39, 90, 75, 62, 33, 45]
[36, 17, 21, 88, 93, 48, 63, 92, 86]
[26, 17, 14, 98, 39, 13, 96, 39, 71]
[72, 88, 69, 65, 94, 47, 42, 63, 52]
[11, 10, 43, 45, 44, 15, 53, 23, 64]
[13, 88, 98, 24, 48, 17, 65, 44, 62]
[26, 25, 18, 51, 69, 70, 82, 49, 55]
[26, 43, 37, 95, 84, 22, 23, 30, 94]
[72, 70, 15, 57, 50, 69, 22, 45, 38]
[35, 82, 62, 66, 47, 46, 45, 31, 87]
[44, 50, 42, 30, 76, 67, 77, 13, 76]
[28, 25, 65, 22, 19, 36, 10, 77, 68]
[89, 91, 16, 97, 88, 61, 71, 74, 11]
[28, 93, 96, 61, 46, 77, 25, 21, 85]
[28, 96, 87, 97, 92, 30, 100, 17, 83]
[54, 29, 53, 23, 22, 70, 79, 17, 46]
[36, 39, 66, 85, 46, 68, 35, 22, 36]
[33, 64, 73, 61, 60, 20, 54, 43, 44]
[49, 82, 35, 64, 21, 15, 60, 70, 65]
[46, 77, 18, 73, 17, 44, 26, 23, 98]
[62, 71, 64, 29, 33, 90, 36, 17, 19]
[52, 94, 49, 64, 10, 54, 72, 22, 86]
[47, 46, 28, 54, 33, 64, 84, 39, 61]
[38, 83, 22, 20, 11, 88, 46, 17, 33]
[92, 68, 42, 34, 54, 81, 20, 63, 85]
[89, 96, 56, 91, 23, 23, 17, 40, 90]
[92, 62, 72, 38, 80, 74, 11, 15, 80]
[96, 64, 67, 13, 45, 60, 68, 36, 84]
[92, 19, 53, 99, 94, 63, 32, 60, 14]
[85, 13, 97, 34, 10, 36, 19, 86, 93]
[87, 42, 36, 94, 61, 14, 88, 28, 18]
[40, 91, 87, 61, 45, 16, 29, 80, 66]
[45, 81, 61, 75, 82, 57, 11, 38, 54]
[18, 37, 52, 50, 76, 54, 89, 42, 100]
[63, 29, 77, 12, 48, 81, 35, 65, 65]
[12, 52, 52, 30, 47, 20, 56, 23, 97]
[46, 65, 90, 23, 73, 34, 39, 97, 88]
[52, 17, 75, 84, 77, 61, 24, 98, 60]
[83, 96, 93, 39, 99, 12, 96, 58, 19]
[80, 40, 48, 53, 89, 68, 17, 18, 71]
[26, 57, 16, 81, 87, 26, 69, 94, 66]
[58, 26, 98, 66, 28, 50, 44, 37, 50]
[37, 60, 93, 99, 13, 50, 85, 11, 41]
[68, 20, 83, 91, 31, 66, 59, 60, 49]
[41, 30, 83, 27, 69, 12, 10, 95, 16]
[78, 36, 30, 19, 35, 10, 67, 71, 39]
[41, 90, 11, 42, 95, 60, 48, 76, 46]
[32, 36, 38, 95, 59, 85, 68, 61, 50]
]
需要区間:
[
[[0, 5], [6, 12], [13, 19], [20, 24], [25, 29], [30, 34], [35, 39], [40, 44], [45, 50]]
[[0, 5], [6, 10], [11, 18], [19, 23], [24, 28], [29, 34], [35, 39], [40, 44], [45, 50]]
[[0, 5], [6, 11], [12, 19], [20, 24], [25, 29], [30, 34], [35, 39], [40, 44], [45, 50]]
[[0, 8], [9, 14], [15, 19], [20, 24], [25, 29], [30, 34], [35, 39], [40, 44], [45, 50]]
[[0, 8], [9, 14], [15, 19], [20, 24], [25, 29], [30, 34], [35, 39], [40, 44], [45, 50]]
[[0, 4], [5, 12], [13, 19], [20, 24], [25, 29], [30, 34], [35, 39], [40, 44], [45, 50]]
[[0, 8], [9, 14], [15, 19], [20, 24], [25, 29], [30, 34], [35, 39], [40, 44], [45, 50]]
[[0, 5], [6, 13], [14, 19], [20, 24], [25, 29], [30, 34], [35, 39], [40, 44], [45, 50]]
[[0, 7], [8, 14], [15, 19], [20, 24], [25, 29], [30, 34], [35, 39], [40, 44], [45, 50]]
[[0, 7], [8, 13], [14, 19], [20, 24], [25, 29], [30, 34], [35, 39], [40, 44], [45, 50]]
[[0, 5], [6, 11], [12, 19], [20, 24], [25, 29], [30, 34], [35, 39], [40, 44], [45, 50]]
[[0, 4], [5, 10], [11, 17], [18, 22], [23, 28], [29, 33], [34, 39], [40, 44], [45, 50]]
[[0, 7], [8, 13], [14, 18], [19, 23], [24, 28], [29, 33], [34, 39], [40, 44], [45, 50]]
[[0, 9], [10, 14], [15, 19], [20, 24], [25, 29], [30, 34], [35, 39], [40, 44], [45, 50]]
[[0, 9], [10, 14], [15, 19], [20, 24], [25, 29], [30, 34], [35, 39], [40, 44], [45, 50]]
[[0, 8], [9, 13], [14, 19], [20, 24], [25, 29], [30, 34], [35, 39], [40, 44], [45, 50]]
[[0, 9], [10, 14], [15, 19], [20, 24], [25, 29], [30, 34], [35, 39], [40, 44], [45, 50]]
[[0, 7], [8, 12], [13, 17], [18, 23], [24, 29], [30, 34], [35, 39], [40, 44], [45, 50]]
[[0, 7], [8, 13], [14, 19], [20, 24], [25, 29], [30, 34], [35, 39], [40, 44], [45, 50]]
[[0, 7], [8, 14], [15, 19], [20, 24], [25, 29], [30, 34], [35, 39], [40, 44], [45, 50]]
[[0, 5], [6, 11], [12, 16], [17, 21], [22, 28], [29, 33], [34, 38], [39, 43], [44, 50]]
[[0, 7], [8, 14], [15, 19], [20, 24], [25, 29], [30, 34], [35, 39], [40, 44], [45, 50]]
[[0, 6], [7, 14], [15, 19], [20, 24], [25, 29], [30, 34], [35, 39], [40, 44], [45, 50]]
[[0, 7], [8, 14], [15, 19], [20, 24], [25, 29], [30, 34], [35, 39], [40, 44], [45, 50]]
[[0, 7], [8, 14], [15, 19], [20, 24], [25, 29], [30, 34], [35, 39], [40, 44], [45, 50]]
[[0, 4], [5, 12], [13, 17], [18, 22], [23, 28], [29, 33], [34, 39], [40, 44], [45, 50]]
[[0, 5], [6, 11], [12, 19], [20, 24], [25, 29], [30, 34], [35, 39], [40, 44], [45, 50]]
[[0, 8], [9, 14], [15, 19], [20, 24], [25, 29], [30, 34], [35, 39], [40, 44], [45, 50]]
[[0, 6], [7, 13], [14, 19], [20, 24], [25, 29], [30, 34], [35, 39], [40, 44], [45, 50]]
[[0, 8], [9, 13], [14, 19], [20, 24], [25, 29], [30, 34], [35, 39], [40, 44], [45, 50]]
[[0, 7], [8, 12], [13, 18], [19, 23], [24, 28], [29, 34], [35, 39], [40, 44], [45, 50]]
[[0, 7], [8, 14], [15, 19], [20, 24], [25, 29], [30, 34], [35, 39], [40, 44], [45, 50]]
[[0, 9], [10, 14], [15, 19], [20, 24], [25, 29], [30, 34], [35, 39], [40, 44], [45, 50]]
[[0, 7], [8, 13], [14, 18], [19, 24], [25, 29], [30, 34], [35, 39], [40, 44], [45, 50]]
[[0, 6], [7, 13], [14, 18], [19, 24], [25, 29], [30, 34], [35, 39], [40, 44], [45, 50]]
[[0, 4], [5, 11], [12, 17], [18, 24], [25, 29], [30, 34], [35, 39], [40, 44], [45, 50]]
[[0, 9], [10, 14], [15, 19], [20, 24], [25, 29], [30, 34], [35, 39], [40, 44], [45, 50]]
[[0, 5], [6, 13], [14, 19], [20, 24], [25, 29], [30, 34], [35, 39], [40, 44], [45, 50]]
[[0, 6], [7, 14], [15, 19], [20, 24], [25, 29], [30, 34], [35, 39], [40, 44], [45, 50]]
[[0, 6], [7, 11], [12, 17], [18, 23], [24, 29], [30, 34], [35, 39], [40, 44], [45, 50]]
[[0, 7], [8, 12], [13, 17], [18, 24], [25, 29], [30, 34], [35, 39], [40, 44], [45, 50]]
[[0, 7], [8, 12], [13, 18], [19, 23], [24, 29], [30, 34], [35, 39], [40, 44], [45, 50]]
[[0, 7], [8, 13], [14, 18], [19, 23], [24, 29], [30, 34], [35, 39], [40, 44], [45, 50]]
[[0, 9], [10, 14], [15, 19], [20, 24], [25, 29], [30, 34], [35, 39], [40, 44], [45, 50]]
[[0, 4], [5, 10], [11, 15], [16, 23], [24, 29], [30, 34], [35, 39], [40, 44], [45, 50]]
[[0, 4], [5, 9], [10, 14], [15, 22], [23, 27], [28, 33], [34, 38], [39, 44], [45, 50]]
[[0, 4], [5, 14], [15, 19], [20, 24], [25, 29], [30, 34], [35, 39], [40, 44], [45, 50]]
[[0, 4], [5, 10], [11, 16], [17, 23], [24, 28], [29, 34], [35, 39], [40, 44], [45, 50]]
[[0, 8], [9, 14], [15, 19], [20, 24], [25, 29], [30, 34], [35, 39], [40, 44], [45, 50]]
[[0, 5], [6, 12], [13, 18], [19, 24], [25, 29], [30, 34], [35, 39], [40, 44], [45, 50]]
]
Max value: 5000
====================
入札者数: 50
財の個数: 50
傾き:
[
[78, 61, 35, 55, 61, 74]
[28, 23, 56, 92, 39, 37]
[66, 13, 100, 41, 77, 85]
[95, 42, 79, 43, 43, 98]
[66, 63, 90, 53, 61, 97]
[88, 89, 31, 50, 51, 85]
[59, 72, 89, 81, 41, 44]
[28, 14, 79, 93, 27, 25]
[83, 77, 54, 81, 42, 73]
[71, 21, 29, 80, 78, 17]
[15, 52, 65, 62, 85, 100]
[11, 65, 67, 63, 15, 34]
[88, 62, 80, 39, 33, 80]
[89, 26, 57, 75, 86, 61]
[68, 27, 54, 26, 68, 25]
[89, 17, 22, 72, 51, 48]
[50, 52, 48, 46, 17, 71]
[72, 50, 46, 37, 84, 54]
[91, 83, 16, 32, 99, 15]
[65, 91, 84, 18, 51, 28]
[73, 64, 42, 54, 22, 77]
[67, 27, 13, 31, 11, 81]
[69, 13, 68, 79, 46, 39]
[87, 34, 25, 70, 10, 59]
[63, 60, 73, 45, 65, 41]
[36, 14, 19, 35, 65, 28]
[27, 35, 56, 56, 21, 69]
[65, 92, 18, 41, 32, 94]
[94, 24, 91, 18, 66, 40]
[47, 92, 39, 89, 73, 16]
[19, 55, 46, 12, 45, 10]
[35, 28, 53, 19, 48, 91]
[14, 25, 35, 12, 85, 90]
[27, 25, 65, 64, 60, 84]
[79, 78, 26, 61, 82, 85]
[25, 38, 24, 53, 14, 74]
[63, 73, 67, 32, 53, 80]
[49, 11, 17, 43, 39, 99]
[88, 86, 97, 80, 96, 98]
[75, 48, 17, 10, 100, 68]
[64, 58, 20, 21, 82, 23]
[57, 23, 20, 42, 86, 33]
[75, 43, 60, 76, 79, 49]
[10, 50, 19, 30, 91, 57]
[60, 79, 74, 31, 34, 19]
[59, 43, 57, 34, 54, 78]
[63, 94, 81, 65, 38, 67]
[90, 82, 42, 67, 58, 24]
[24, 78, 63, 48, 75, 47]
[22, 82, 16, 44, 42, 63]
]
需要区間:
[
[[0, 8], [9, 16], [17, 24], [25, 33], [34, 41], [42, 50]]
[[0, 9], [10, 17], [18, 25], [26, 33], [34, 41], [42, 50]]
[[0, 7], [8, 16], [17, 24], [25, 32], [33, 41], [42, 50]]
[[0, 7], [8, 15], [16, 24], [25, 32], [33, 40], [41, 50]]
[[0, 8], [9, 16], [17, 24], [25, 33], [34, 41], [42, 50]]
[[0, 7], [8, 16], [17, 25], [26, 33], [34, 41], [42, 50]]
[[0, 7], [8, 15], [16, 23], [24, 31], [32, 39], [40, 50]]
[[0, 7], [8, 15], [16, 25], [26, 33], [34, 41], [42, 50]]
[[0, 9], [10, 17], [18, 25], [26, 33], [34, 41], [42, 50]]
[[0, 9], [10, 17], [18, 25], [26, 33], [34, 41], [42, 50]]
[[0, 8], [9, 17], [18, 25], [26, 33], [34, 41], [42, 50]]
[[0, 9], [10, 17], [18, 25], [26, 33], [34, 41], [42, 50]]
[[0, 8], [9, 16], [17, 25], [26, 33], [34, 41], [42, 50]]
[[0, 7], [8, 17], [18, 25], [26, 33], [34, 41], [42, 50]]
[[0, 9], [10, 17], [18, 25], [26, 33], [34, 41], [42, 50]]
[[0, 7], [8, 17], [18, 25], [26, 33], [34, 41], [42, 50]]
[[0, 9], [10, 17], [18, 25], [26, 33], [34, 41], [42, 50]]
[[0, 8], [9, 16], [17, 25], [26, 33], [34, 41], [42, 50]]
[[0, 7], [8, 15], [16, 25], [26, 33], [34, 41], [42, 50]]
[[0, 8], [9, 17], [18, 25], [26, 33], [34, 41], [42, 50]]
[[0, 9], [10, 17], [18, 25], [26, 33], [34, 41], [42, 50]]
[[0, 9], [10, 17], [18, 25], [26, 33], [34, 41], [42, 50]]
[[0, 8], [9, 17], [18, 25], [26, 33], [34, 41], [42, 50]]
[[0, 9], [10, 17], [18, 25], [26, 33], [34, 41], [42, 50]]
[[0, 7], [8, 17], [18, 25], [26, 33], [34, 41], [42, 50]]
[[0, 9], [10, 17], [18, 25], [26, 33], [34, 41], [42, 50]]
[[0, 7], [8, 15], [16, 23], [24, 32], [33, 41], [42, 50]]
[[0, 9], [10, 17], [18, 25], [26, 33], [34, 41], [42, 50]]
[[0, 7], [8, 16], [17, 24], [25, 33], [34, 41], [42, 50]]
[[0, 8], [9, 17], [18, 25], [26, 33], [34, 41], [42, 50]]
[[0, 8], [9, 17], [18, 25], [26, 33], [34, 41], [42, 50]]
[[0, 9], [10, 17], [18, 25], [26, 33], [34, 41], [42, 50]]
[[0, 8], [9, 17], [18, 25], [26, 33], [34, 41], [42, 50]]
[[0, 7], [8, 15], [16, 24], [25, 32], [33, 40], [41, 50]]
[[0, 8], [9, 17], [18, 25], [26, 33], [34, 41], [42, 50]]
[[0, 7], [8, 16], [17, 24], [25, 32], [33, 40], [41, 50]]
[[0, 7], [8, 17], [18, 25], [26, 33], [34, 41], [42, 50]]
[[0, 7], [8, 16], [17, 24], [25, 32], [33, 40], [41, 50]]
[[0, 9], [10, 17], [18, 25], [26, 33], [34, 41], [42, 50]]
[[0, 8], [9, 17], [18, 25], [26, 33], [34, 41], [42, 50]]
[[0, 9], [10, 17], [18, 25], [26, 33], [34, 41], [42, 50]]
[[0, 9], [10, 17], [18, 25], [26, 33], [34, 41], [42, 50]]
[[0, 8], [9, 17], [18, 25], [26, 33], [34, 41], [42, 50]]
[[0, 9], [10, 17], [18, 25], [26, 33], [34, 41], [42, 50]]
[[0, 9], [10, 17], [18, 25], [26, 33], [34, 41], [42, 50]]
[[0, 9], [10, 17], [18, 25], [26, 33], [34, 41], [42, 50]]
[[0, 9], [10, 17], [18, 25], [26, 33], [34, 41], [42, 50]]
[[0, 8], [9, 16], [17, 25], [26, 33], [34, 41], [42, 50]]
[[0, 9], [10, 17], [18, 25], [26, 33], [34, 41], [42, 50]]
[[0, 8], [9, 16], [17, 24], [25, 33], [34, 41], [42, 50]]
]
Max value: 5000
====================
入札者数: 50
財の個数: 50
傾き:
[
[16, 88, 36, 16, 56, 48, 32]
[75, 55, 74, 34, 33, 18, 38]
[24, 79, 84, 30, 52, 24, 80]
[92, 25, 89, 89, 14, 15, 34]
[17, 84, 21, 82, 49, 51, 49]
[21, 26, 63, 18, 96, 25, 27]
[40, 45, 40, 35, 84, 10, 84]
[38, 39, 47, 53, 40, 51, 47]
[36, 89, 77, 91, 76, 96, 68]
[34, 47, 20, 60, 10, 64, 48]
[36, 65, 28, 10, 28, 84, 19]
[44, 48, 94, 84, 88, 26, 14]
[60, 52, 55, 20, 47, 26, 11]
[63, 72, 33, 11, 10, 83, 34]
[64, 90, 63, 35, 15, 76, 75]
[59, 98, 59, 51, 84, 88, 65]
[10, 50, 35, 61, 40, 66, 34]
[54, 65, 53, 99, 92, 92, 52]
[65, 78, 36, 85, 32, 26, 88]
[19, 18, 43, 72, 80, 31, 46]
[66, 96, 77, 82, 36, 83, 45]
[61, 69, 92, 85, 14, 27, 90]
[93, 57, 84, 29, 93, 84, 25]
[63, 98, 38, 48, 58, 43, 37]
[10, 58, 75, 30, 18, 62, 43]
[50, 67, 94, 58, 39, 37, 62]
[34, 65, 91, 57, 56, 51, 85]
[50, 33, 28, 74, 78, 86, 74]
[77, 24, 78, 72, 72, 63, 55]
[57, 13, 44, 86, 45, 91, 98]
[26, 52, 56, 19, 17, 39, 73]
[15, 74, 83, 79, 11, 87, 61]
[91, 48, 77, 27, 43, 23, 97]
[55, 87, 84, 24, 98, 62, 89]
[88, 34, 96, 35, 35, 40, 18]
[20, 24, 45, 71, 27, 42, 35]
[48, 48, 66, 24, 85, 58, 78]
[16, 20, 65, 89, 73, 13, 39]
[98, 68, 27, 72, 33, 75, 78]
[67, 64, 92, 37, 34, 43, 79]
[44, 82, 65, 92, 15, 56, 90]
[20, 91, 16, 63, 58, 84, 31]
[94, 75, 61, 11, 88, 64, 20]
[35, 82, 13, 34, 94, 34, 67]
[63, 75, 39, 14, 28, 66, 71]
[16, 79, 29, 62, 84, 44, 20]
[88, 75, 23, 45, 22, 84, 64]
[16, 70, 78, 44, 86, 15, 48]
[100, 53, 72, 10, 77, 63, 54]
[49, 84, 95, 99, 79, 93, 25]
]
需要区間:
[
[[0, 6], [7, 13], [14, 20], [21, 27], [28, 35], [36, 42], [43, 50]]
[[0, 6], [7, 14], [15, 21], [22, 28], [29, 35], [36, 42], [43, 50]]
[[0, 7], [8, 14], [15, 21], [22, 28], [29, 35], [36, 42], [43, 50]]
[[0, 7], [8, 14], [15, 21], [22, 28], [29, 35], [36, 42], [43, 50]]
[[0, 7], [8, 14], [15, 21], [22, 28], [29, 35], [36, 42], [43, 50]]
[[0, 7], [8, 14], [15, 21], [22, 28], [29, 35], [36, 42], [43, 50]]
[[0, 7], [8, 14], [15, 21], [22, 28], [29, 35], [36, 42], [43, 50]]
[[0, 6], [7, 14], [15, 21], [22, 28], [29, 35], [36, 42], [43, 50]]
[[0, 7], [8, 14], [15, 21], [22, 28], [29, 35], [36, 42], [43, 50]]
[[0, 6], [7, 13], [14, 21], [22, 28], [29, 35], [36, 42], [43, 50]]
[[0, 7], [8, 14], [15, 21], [22, 28], [29, 35], [36, 42], [43, 50]]
[[0, 6], [7, 13], [14, 21], [22, 28], [29, 35], [36, 42], [43, 50]]
[[0, 6], [7, 14], [15, 21], [22, 28], [29, 35], [36, 42], [43, 50]]
[[0, 7], [8, 14], [15, 21], [22, 28], [29, 35], [36, 42], [43, 50]]
[[0, 7], [8, 14], [15, 21], [22, 28], [29, 35], [36, 42], [43, 50]]
[[0, 6], [7, 13], [14, 21], [22, 28], [29, 35], [36, 42], [43, 50]]
[[0, 6], [7, 14], [15, 21], [22, 28], [29, 35], [36, 42], [43, 50]]
[[0, 6], [7, 14], [15, 21], [22, 28], [29, 35], [36, 42], [43, 50]]
[[0, 7], [8, 14], [15, 21], [22, 28], [29, 35], [36, 42], [43, 50]]
[[0, 6], [7, 13], [14, 21], [22, 28], [29, 35], [36, 42], [43, 50]]
[[0, 7], [8, 14], [15, 21], [22, 28], [29, 35], [36, 42], [43, 50]]
[[0, 6], [7, 14], [15, 21], [22, 28], [29, 35], [36, 42], [43, 50]]
[[0, 6], [7, 14], [15, 21], [22, 28], [29, 35], [36, 42], [43, 50]]
[[0, 6], [7, 13], [14, 20], [21, 27], [28, 34], [35, 42], [43, 50]]
[[0, 7], [8, 14], [15, 21], [22, 28], [29, 35], [36, 42], [43, 50]]
[[0, 7], [8, 14], [15, 21], [22, 28], [29, 35], [36, 42], [43, 50]]
[[0, 6], [7, 14], [15, 21], [22, 28], [29, 35], [36, 42], [43, 50]]
[[0, 7], [8, 14], [15, 21], [22, 28], [29, 35], [36, 42], [43, 50]]
[[0, 6], [7, 13], [14, 20], [21, 27], [28, 34], [35, 41], [42, 50]]
[[0, 7], [8, 14], [15, 21], [22, 28], [29, 35], [36, 42], [43, 50]]
[[0, 7], [8, 14], [15, 21], [22, 28], [29, 35], [36, 42], [43, 50]]
[[0, 7], [8, 14], [15, 21], [22, 28], [29, 35], [36, 42], [43, 50]]
[[0, 7], [8, 14], [15, 21], [22, 28], [29, 35], [36, 42], [43, 50]]
[[0, 6], [7, 13], [14, 20], [21, 28], [29, 35], [36, 42], [43, 50]]
[[0, 6], [7, 13], [14, 21], [22, 28], [29, 35], [36, 42], [43, 50]]
[[0, 6], [7, 13], [14, 20], [21, 27], [28, 34], [35, 42], [43, 50]]
[[0, 7], [8, 14], [15, 21], [22, 28], [29, 35], [36, 42], [43, 50]]
[[0, 6], [7, 13], [14, 21], [22, 28], [29, 35], [36, 42], [43, 50]]
[[0, 6], [7, 13], [14, 20], [21, 27], [28, 35], [36, 42], [43, 50]]
[[0, 7], [8, 14], [15, 21], [22, 28], [29, 35], [36, 42], [43, 50]]
[[0, 7], [8, 14], [15, 21], [22, 28], [29, 35], [36, 42], [43, 50]]
[[0, 7], [8, 14], [15, 21], [22, 28], [29, 35], [36, 42], [43, 50]]
[[0, 6], [7, 14], [15, 21], [22, 28], [29, 35], [36, 42], [43, 50]]
[[0, 6], [7, 14], [15, 21], [22, 28], [29, 35], [36, 42], [43, 50]]
[[0, 7], [8, 14], [15, 21], [22, 28], [29, 35], [36, 42], [43, 50]]
[[0, 7], [8, 14], [15, 21], [22, 28], [29, 35], [36, 42], [43, 50]]
[[0, 7], [8, 14], [15, 21], [22, 28], [29, 35], [36, 42], [43, 50]]
[[0, 6], [7, 13], [14, 20], [21, 27], [28, 35], [36, 42], [43, 50]]
[[0, 7], [8, 14], [15, 21], [22, 28], [29, 35], [36, 42], [43, 50]]
[[0, 6], [7, 13], [14, 20], [21, 28], [29, 35], [36, 42], [43, 50]]
]
Max value: 4957
====================
入札者数: 50
財の個数: 50
傾き:
[
[36, 26, 52, 41, 24, 99, 14, 52]
[79, 57, 58, 61, 27, 25, 96, 26]
[46, 76, 86, 72, 74, 57, 92, 47]
[54, 77, 12, 32, 82, 48, 97, 83]
[69, 14, 17, 50, 97, 72, 70, 87]
[39, 56, 100, 43, 27, 76, 79, 84]
[95, 85, 60, 45, 46, 75, 55, 66]
[65, 23, 66, 83, 91, 89, 49, 45]
[73, 78, 66, 86, 82, 74, 15, 37]
[36, 42, 95, 18, 14, 51, 95, 76]
[36, 65, 83, 17, 57, 45, 45, 53]
[48, 32, 62, 71, 71, 58, 99, 97]
[61, 98, 13, 97, 76, 74, 88, 81]
[84, 12, 27, 54, 68, 100, 45, 72]
[86, 14, 99, 50, 41, 70, 42, 93]
[56, 20, 95, 24, 67, 54, 59, 13]
[60, 96, 30, 70, 54, 20, 96, 12]
[56, 64, 24, 62, 26, 12, 20, 50]
[51, 40, 26, 83, 64, 31, 87, 80]
[80, 62, 62, 41, 67, 65, 98, 63]
[99, 28, 59, 50, 98, 24, 88, 42]
[79, 20, 54, 71, 60, 50, 21, 20]
[41, 91, 20, 75, 19, 42, 64, 22]
[93, 86, 67, 94, 88, 84, 62, 59]
[96, 95, 67, 25, 82, 69, 55, 20]
[74, 20, 77, 46, 32, 72, 13, 60]
[57, 19, 47, 95, 43, 89, 67, 40]
[49, 51, 18, 29, 42, 21, 30, 14]
[64, 85, 20, 88, 28, 64, 86, 62]
[23, 16, 95, 36, 44, 39, 59, 26]
[85, 85, 70, 33, 61, 15, 27, 87]
[38, 17, 35, 21, 22, 95, 50, 11]
[55, 63, 66, 60, 17, 17, 60, 87]
[47, 59, 70, 68, 92, 100, 36, 79]
[62, 67, 95, 85, 10, 38, 95, 15]
[86, 42, 78, 33, 96, 57, 24, 40]
[17, 26, 99, 97, 93, 20, 85, 42]
[62, 11, 48, 18, 42, 41, 28, 44]
[21, 57, 24, 38, 88, 40, 44, 24]
[35, 20, 97, 88, 51, 42, 40, 90]
[64, 87, 23, 38, 32, 92, 59, 54]
[14, 85, 23, 36, 13, 32, 98, 68]
[74, 64, 93, 73, 52, 20, 49, 10]
[88, 41, 81, 17, 97, 45, 83, 52]
[100, 15, 82, 100, 31, 77, 75, 46]
[96, 23, 38, 98, 57, 65, 63, 46]
[87, 91, 25, 99, 42, 15, 27, 61]
[45, 97, 86, 55, 34, 49, 100, 34]
[91, 18, 84, 29, 80, 85, 85, 74]
[43, 75, 40, 37, 61, 64, 34, 93]
]
需要区間:
[
[[0, 6], [7, 13], [14, 19], [20, 25], [26, 31], [32, 37], [38, 43], [44, 50]]
[[0, 5], [6, 13], [14, 19], [20, 25], [26, 31], [32, 37], [38, 43], [44, 50]]
[[0, 6], [7, 12], [13, 19], [20, 25], [26, 31], [32, 37], [38, 43], [44, 50]]
[[0, 5], [6, 11], [12, 18], [19, 25], [26, 31], [32, 37], [38, 43], [44, 50]]
[[0, 5], [6, 11], [12, 18], [19, 24], [25, 31], [32, 37], [38, 43], [44, 50]]
[[0, 7], [8, 13], [14, 19], [20, 25], [26, 31], [32, 37], [38, 43], [44, 50]]
[[0, 7], [8, 13], [14, 19], [20, 25], [26, 31], [32, 37], [38, 43], [44, 50]]
[[0, 7], [8, 13], [14, 19], [20, 25], [26, 31], [32, 37], [38, 43], [44, 50]]
[[0, 7], [8, 13], [14, 19], [20, 25], [26, 31], [32, 37], [38, 43], [44, 50]]
[[0, 6], [7, 12], [13, 19], [20, 25], [26, 31], [32, 37], [38, 43], [44, 50]]
[[0, 5], [6, 13], [14, 19], [20, 25], [26, 31], [32, 37], [38, 43], [44, 50]]
[[0, 6], [7, 12], [13, 19], [20, 25], [26, 31], [32, 37], [38, 43], [44, 50]]
[[0, 7], [8, 13], [14, 19], [20, 25], [26, 31], [32, 37], [38, 43], [44, 50]]
[[0, 5], [6, 11], [12, 18], [19, 25], [26, 31], [32, 37], [38, 43], [44, 50]]
[[0, 5], [6, 11], [12, 19], [20, 25], [26, 31], [32, 37], [38, 43], [44, 50]]
[[0, 7], [8, 13], [14, 19], [20, 25], [26, 31], [32, 37], [38, 43], [44, 50]]
[[0, 6], [7, 12], [13, 19], [20, 25], [26, 31], [32, 37], [38, 43], [44, 50]]
[[0, 7], [8, 13], [14, 19], [20, 25], [26, 31], [32, 37], [38, 43], [44, 50]]
[[0, 6], [7, 12], [13, 18], [19, 24], [25, 30], [31, 36], [37, 42], [43, 50]]
[[0, 5], [6, 11], [12, 18], [19, 24], [25, 30], [31, 37], [38, 43], [44, 50]]
[[0, 7], [8, 13], [14, 19], [20, 25], [26, 31], [32, 37], [38, 43], [44, 50]]
[[0, 7], [8, 13], [14, 19], [20, 25], [26, 31], [32, 37], [38, 43], [44, 50]]
[[0, 7], [8, 13], [14, 19], [20, 25], [26, 31], [32, 37], [38, 43], [44, 50]]
[[0, 6], [7, 12], [13, 19], [20, 25], [26, 31], [32, 37], [38, 43], [44, 50]]
[[0, 6], [7, 13], [14, 19], [20, 25], [26, 31], [32, 37], [38, 43], [44, 50]]
[[0, 5], [6, 11], [12, 19], [20, 25], [26, 31], [32, 37], [38, 43], [44, 50]]
[[0, 7], [8, 13], [14, 19], [20, 25], [26, 31], [32, 37], [38, 43], [44, 50]]
[[0, 6], [7, 12], [13, 18], [19, 24], [25, 31], [32, 37], [38, 43], [44, 50]]
[[0, 7], [8, 13], [14, 19], [20, 25], [26, 31], [32, 37], [38, 43], [44, 50]]
[[0, 7], [8, 13], [14, 19], [20, 25], [26, 31], [32, 37], [38, 43], [44, 50]]
[[0, 6], [7, 12], [13, 19], [20, 25], [26, 31], [32, 37], [38, 43], [44, 50]]
[[0, 7], [8, 13], [14, 19], [20, 25], [26, 31], [32, 37], [38, 43], [44, 50]]
[[0, 6], [7, 13], [14, 19], [20, 25], [26, 31], [32, 37], [38, 43], [44, 50]]
[[0, 5], [6, 12], [13, 18], [19, 25], [26, 31], [32, 37], [38, 43], [44, 50]]
[[0, 5], [6, 13], [14, 19], [20, 25], [26, 31], [32, 37], [38, 43], [44, 50]]
[[0, 5], [6, 12], [13, 18], [19, 24], [25, 31], [32, 37], [38, 43], [44, 50]]
[[0, 5], [6, 11], [12, 17], [18, 25], [26, 31], [32, 37], [38, 43], [44, 50]]
[[0, 7], [8, 13], [14, 19], [20, 25], [26, 31], [32, 37], [38, 43], [44, 50]]
[[0, 5], [6, 12], [13, 19], [20, 25], [26, 31], [32, 37], [38, 43], [44, 50]]
[[0, 6], [7, 12], [13, 18], [19, 24], [25, 30], [31, 36], [37, 43], [44, 50]]
[[0, 5], [6, 11], [12, 19], [20, 25], [26, 31], [32, 37], [38, 43], [44, 50]]
[[0, 6], [7, 13], [14, 19], [20, 25], [26, 31], [32, 37], [38, 43], [44, 50]]
[[0, 7], [8, 13], [14, 19], [20, 25], [26, 31], [32, 37], [38, 43], [44, 50]]
[[0, 6], [7, 13], [14, 19], [20, 25], [26, 31], [32, 37], [38, 43], [44, 50]]
[[0, 7], [8, 13], [14, 19], [20, 25], [26, 31], [32, 37], [38, 43], [44, 50]]
[[0, 7], [8, 13], [14, 19], [20, 25], [26, 31], [32, 37], [38, 43], [44, 50]]
[[0, 7], [8, 13], [14, 19], [20, 25], [26, 31], [32, 37], [38, 43], [44, 50]]
[[0, 7], [8, 13], [14, 19], [20, 25], [26, 31], [32, 37], [38, 43], [44, 50]]
[[0, 5], [6, 13], [14, 19], [20, 25], [26, 31], [32, 37], [38, 43], [44, 50]]
[[0, 6], [7, 13], [14, 19], [20, 25], [26, 31], [32, 37], [38, 43], [44, 50]]
]
Max value: 5000
====================
入札者数: 50
財の個数: 50
傾き:
[
[86, 65, 50, 70, 54, 19, 95, 62]
[38, 77, 72, 94, 84, 88, 77, 72]
[63, 45, 29, 35, 98, 52, 72, 100]
[48, 88, 59, 60, 62, 89, 37, 55]
[59, 19, 48, 68, 37, 31, 24, 77]
[25, 24, 19, 71, 76, 22, 77, 37]
[44, 75, 91, 54, 38, 61, 99, 57]
[45, 73, 93, 47, 71, 83, 51, 91]
[64, 47, 82, 40, 51, 85, 93, 87]
[26, 96, 93, 52, 87, 19, 50, 70]
[94, 47, 49, 31, 86, 12, 84, 16]
[62, 38, 43, 27, 53, 50, 19, 26]
[55, 20, 47, 40, 74, 27, 61, 34]
[77, 29, 40, 35, 56, 80, 93, 97]
[12, 51, 41, 15, 33, 12, 41, 87]
[21, 95, 18, 96, 46, 68, 71, 58]
[16, 85, 32, 19, 31, 38, 98, 94]
[75, 52, 30, 24, 100, 81, 82, 91]
[48, 61, 25, 33, 98, 80, 100, 12]
[95, 81, 37, 88, 14, 89, 13, 12]
[27, 20, 95, 48, 87, 92, 46, 96]
[31, 70, 47, 46, 47, 34, 72, 87]
[24, 91, 44, 85, 53, 88, 79, 23]
[24, 57, 74, 10, 47, 47, 96, 30]
[74, 86, 57, 61, 93, 15, 75, 12]
[42, 52, 12, 83, 17, 93, 70, 92]
[85, 11, 89, 57, 68, 33, 91, 69]
[17, 62, 44, 12, 59, 56, 53, 68]
[59, 67, 34, 71, 82, 39, 88, 38]
[21, 94, 12, 79, 45, 58, 22, 98]
[48, 41, 49, 71, 83, 81, 92, 26]
[98, 24, 96, 75, 80, 81, 14, 15]
[61, 75, 31, 36, 13, 20, 76, 33]
[53, 60, 88, 57, 23, 14, 51, 76]
[70, 20, 21, 32, 86, 98, 42, 87]
[87, 12, 48, 69, 89, 86, 70, 63]
[48, 68, 89, 98, 30, 87, 80, 82]
[55, 91, 14, 53, 85, 77, 37, 69]
[32, 42, 84, 99, 79, 28, 26, 66]
[29, 63, 98, 85, 54, 84, 21, 63]
[68, 86, 71, 12, 62, 57, 48, 42]
[73, 52, 28, 84, 93, 65, 94, 52]
[23, 19, 22, 22, 39, 38, 29, 96]
[91, 76, 18, 52, 20, 18, 68, 78]
[72, 69, 22, 85, 75, 88, 67, 48]
[88, 48, 46, 57, 18, 97, 47, 50]
[34, 36, 53, 67, 14, 42, 59, 33]
[33, 12, 57, 16, 17, 20, 65, 79]
[46, 15, 49, 77, 66, 48, 67, 61]
[13, 29, 92, 37, 50, 89, 66, 29]
]
需要区間:
[
[[0, 5], [6, 13], [14, 19], [20, 25], [26, 31], [32, 37], [38, 43], [44, 50]]
[[0, 5], [6, 12], [13, 18], [19, 25], [26, 31], [32, 37], [38, 43], [44, 50]]
[[0, 5], [6, 12], [13, 19], [20, 25], [26, 31], [32, 37], [38, 43], [44, 50]]
[[0, 7], [8, 13], [14, 19], [20, 25], [26, 31], [32, 37], [38, 43], [44, 50]]
[[0, 6], [7, 13], [14, 19], [20, 25], [26, 31], [32, 37], [38, 43], [44, 50]]
[[0, 5], [6, 11], [12, 18], [19, 25], [26, 31], [32, 37], [38, 43], [44, 50]]
[[0, 5], [6, 12], [13, 18], [19, 25], [26, 31], [32, 37], [38, 43], [44, 50]]
[[0, 7], [8, 13], [14, 19], [20, 25], [26, 31], [32, 37], [38, 43], [44, 50]]
[[0, 5], [6, 13], [14, 19], [20, 25], [26, 31], [32, 37], [38, 43], [44, 50]]
[[0, 7], [8, 13], [14, 19], [20, 25], [26, 31], [32, 37], [38, 43], [44, 50]]
[[0, 6], [7, 12], [13, 19], [20, 25], [26, 31], [32, 37], [38, 43], [44, 50]]
[[0, 5], [6, 11], [12, 18], [19, 24], [25, 31], [32, 37], [38, 43], [44, 50]]
[[0, 7], [8, 13], [14, 19], [20, 25], [26, 31], [32, 37], [38, 43], [44, 50]]
[[0, 6], [7, 13], [14, 19], [20, 25], [26, 31], [32, 37], [38, 43], [44, 50]]
[[0, 6], [7, 13], [14, 19], [20, 25], [26, 31], [32, 37], [38, 43], [44, 50]]
[[0, 7], [8, 13], [14, 19], [20, 25], [26, 31], [32, 37], [38, 43], [44, 50]]
[[0, 6], [7, 13], [14, 19], [20, 25], [26, 31], [32, 37], [38, 43], [44, 50]]
[[0, 5], [6, 13], [14, 19], [20, 25], [26, 31], [32, 37], [38, 43], [44, 50]]
[[0, 5], [6, 12], [13, 19], [20, 25], [26, 31], [32, 37], [38, 43], [44, 50]]
[[0, 6], [7, 13], [14, 19], [20, 25], [26, 31], [32, 37], [38, 43], [44, 50]]
[[0, 6], [7, 12], [13, 19], [20, 25], [26, 31], [32, 37], [38, 43], [44, 50]]
[[0, 6], [7, 12], [13, 19], [20, 25], [26, 31], [32, 37], [38, 43], [44, 50]]
[[0, 7], [8, 13], [14, 19], [20, 25], [26, 31], [32, 37], [38, 43], [44, 50]]
[[0, 5], [6, 12], [13, 18], [19, 25], [26, 31], [32, 37], [38, 43], [44, 50]]
[[0, 7], [8, 13], [14, 19], [20, 25], [26, 31], [32, 37], [38, 43], [44, 50]]
[[0, 6], [7, 12], [13, 18], [19, 24], [25, 31], [32, 37], [38, 43], [44, 50]]
[[0, 7], [8, 13], [14, 19], [20, 25], [26, 31], [32, 37], [38, 43], [44, 50]]
[[0, 7], [8, 13], [14, 19], [20, 25], [26, 31], [32, 37], [38, 43], [44, 50]]
[[0, 6], [7, 13], [14, 19], [20, 25], [26, 31], [32, 37], [38, 43], [44, 50]]
[[0, 6], [7, 13], [14, 19], [20, 25], [26, 31], [32, 37], [38, 43], [44, 50]]
[[0, 7], [8, 13], [14, 19], [20, 25], [26, 31], [32, 37], [38, 43], [44, 50]]
[[0, 5], [6, 13], [14, 19], [20, 25], [26, 31], [32, 37], [38, 43], [44, 50]]
[[0, 6], [7, 12], [13, 19], [20, 25], [26, 31], [32, 37], [38, 43], [44, 50]]
[[0, 7], [8, 13], [14, 19], [20, 25], [26, 31], [32, 37], [38, 43], [44, 50]]
[[0, 6], [7, 12], [13, 18], [19, 24], [25, 30], [31, 37], [38, 43], [44, 50]]
[[0, 5], [6, 12], [13, 18], [19, 24], [25, 31], [32, 37], [38, 43], [44, 50]]
[[0, 5], [6, 13], [14, 19], [20, 25], [26, 31], [32, 37], [38, 43], [44, 50]]
[[0, 5], [6, 12], [13, 19], [20, 25], [26, 31], [32, 37], [38, 43], [44, 50]]
[[0, 7], [8, 13], [14, 19], [20, 25], [26, 31], [32, 37], [38, 43], [44, 50]]
[[0, 5], [6, 11], [12, 17], [18, 25], [26, 31], [32, 37], [38, 43], [44, 50]]
[[0, 6], [7, 12], [13, 18], [19, 24], [25, 30], [31, 37], [38, 43], [44, 50]]
[[0, 7], [8, 13], [14, 19], [20, 25], [26, 31], [32, 37], [38, 43], [44, 50]]
[[0, 7], [8, 13], [14, 19], [20, 25], [26, 31], [32, 37], [38, 43], [44, 50]]
[[0, 6], [7, 12], [13, 18], [19, 24], [25, 30], [31, 36], [37, 42], [43, 50]]
[[0, 6], [7, 13], [14, 19], [20, 25], [26, 31], [32, 37], [38, 43], [44, 50]]
[[0, 6], [7, 12], [13, 19], [20, 25], [26, 31], [32, 37], [38, 43], [44, 50]]
[[0, 5], [6, 11], [12, 17], [18, 25], [26, 31], [32, 37], [38, 43], [44, 50]]
[[0, 5], [6, 13], [14, 19], [20, 25], [26, 31], [32, 37], [38, 43], [44, 50]]
[[0, 7], [8, 13], [14, 19], [20, 25], [26, 31], [32, 37], [38, 43], [44, 50]]
[[0, 7], [8, 13], [14, 19], [20, 25], [26, 31], [32, 37], [38, 43], [44, 50]]
]
Max value: 5000
====================
入札者数: 50
財の個数: 50
傾き:
[
[83, 22, 75, 45, 70, 64, 40, 60]
[47, 93, 63, 53, 77, 53, 48, 40]
[10, 83, 19, 17, 57, 25, 20, 59]
[43, 69, 59, 53, 73, 33, 92, 71]
[89, 67, 12, 66, 35, 31, 64, 13]
[56, 39, 53, 54, 29, 58, 99, 89]
[62, 14, 83, 20, 57, 81, 91, 83]
[49, 24, 93, 43, 10, 95, 40, 67]
[13, 52, 82, 51, 90, 88, 19, 13]
[11, 32, 65, 95, 21, 97, 39, 89]
[17, 73, 28, 88, 80, 68, 44, 97]
[86, 68, 98, 99, 17, 70, 15, 32]
[26, 58, 28, 37, 27, 86, 58, 89]
[65, 27, 58, 64, 33, 24, 57, 94]
[84, 26, 42, 14, 90, 98, 89, 36]
[43, 94, 80, 34, 72, 20, 94, 56]
[17, 24, 34, 32, 91, 43, 59, 46]
[84, 22, 29, 46, 25, 80, 25, 93]
[56, 25, 57, 89, 48, 13, 40, 84]
[59, 39, 60, 89, 52, 80, 24, 86]
[71, 31, 88, 41, 16, 32, 88, 35]
[26, 20, 97, 37, 30, 63, 49, 11]
[100, 35, 78, 11, 32, 49, 90, 90]
[92, 67, 27, 69, 60, 10, 25, 89]
[88, 41, 69, 90, 22, 76, 21, 86]
[22, 92, 61, 47, 49, 97, 71, 23]
[60, 35, 35, 19, 32, 69, 53, 35]
[75, 50, 46, 86, 72, 15, 89, 65]
[60, 40, 63, 54, 74, 72, 73, 59]
[100, 39, 27, 13, 78, 90, 81, 20]
[55, 70, 31, 70, 33, 99, 49, 35]
[37, 40, 91, 20, 69, 17, 44, 62]
[25, 28, 86, 62, 87, 35, 24, 10]
[29, 33, 51, 73, 59, 22, 14, 80]
[26, 90, 97, 90, 10, 98, 85, 30]
[57, 47, 40, 33, 75, 41, 22, 55]
[78, 82, 51, 28, 80, 26, 97, 81]
[63, 15, 57, 94, 85, 30, 49, 98]
[89, 72, 79, 24, 38, 50, 58, 60]
[44, 42, 37, 74, 79, 52, 70, 31]
[49, 15, 66, 82, 71, 84, 77, 92]
[56, 83, 46, 24, 60, 16, 22, 87]
[40, 52, 91, 37, 97, 80, 89, 82]
[82, 81, 24, 59, 48, 81, 44, 51]
[90, 15, 50, 66, 33, 82, 69, 23]
[65, 30, 38, 58, 97, 25, 88, 45]
[49, 75, 87, 75, 21, 84, 55, 80]
[17, 47, 22, 35, 56, 21, 47, 65]
[39, 46, 83, 38, 66, 51, 81, 53]
[11, 14, 75, 14, 95, 75, 12, 63]
]
需要区間:
[
[[0, 6], [7, 13], [14, 19], [20, 25], [26, 31], [32, 37], [38, 43], [44, 50]]
[[0, 5], [6, 12], [13, 18], [19, 25], [26, 31], [32, 37], [38, 43], [44, 50]]
[[0, 6], [7, 12], [13, 19], [20, 25], [26, 31], [32, 37], [38, 43], [44, 50]]
[[0, 6], [7, 12], [13, 18], [19, 24], [25, 30], [31, 36], [37, 42], [43, 50]]
[[0, 6], [7, 13], [14, 19], [20, 25], [26, 31], [32, 37], [38, 43], [44, 50]]
[[0, 7], [8, 13], [14, 19], [20, 25], [26, 31], [32, 37], [38, 43], [44, 50]]
[[0, 6], [7, 12], [13, 18], [19, 24], [25, 30], [31, 37], [38, 43], [44, 50]]
[[0, 6], [7, 12], [13, 19], [20, 25], [26, 31], [32, 37], [38, 43], [44, 50]]
[[0, 7], [8, 13], [14, 19], [20, 25], [26, 31], [32, 37], [38, 43], [44, 50]]
[[0, 7], [8, 13], [14, 19], [20, 25], [26, 31], [32, 37], [38, 43], [44, 50]]
[[0, 7], [8, 13], [14, 19], [20, 25], [26, 31], [32, 37], [38, 43], [44, 50]]
[[0, 5], [6, 13], [14, 19], [20, 25], [26, 31], [32, 37], [38, 43], [44, 50]]
[[0, 7], [8, 13], [14, 19], [20, 25], [26, 31], [32, 37], [38, 43], [44, 50]]
[[0, 7], [8, 13], [14, 19], [20, 25], [26, 31], [32, 37], [38, 43], [44, 50]]
[[0, 7], [8, 13], [14, 19], [20, 25], [26, 31], [32, 37], [38, 43], [44, 50]]
[[0, 7], [8, 13], [14, 19], [20, 25], [26, 31], [32, 37], [38, 43], [44, 50]]
[[0, 6], [7, 12], [13, 19], [20, 25], [26, 31], [32, 37], [38, 43], [44, 50]]
[[0, 7], [8, 13], [14, 19], [20, 25], [26, 31], [32, 37], [38, 43], [44, 50]]
[[0, 6], [7, 13], [14, 19], [20, 25], [26, 31], [32, 37], [38, 43], [44, 50]]
[[0, 6], [7, 13], [14, 19], [20, 25], [26, 31], [32, 37], [38, 43], [44, 50]]
[[0, 5], [6, 13], [14, 19], [20, 25], [26, 31], [32, 37], [38, 43], [44, 50]]
[[0, 6], [7, 12], [13, 19], [20, 25], [26, 31], [32, 37], [38, 43], [44, 50]]
[[0, 6], [7, 13], [14, 19], [20, 25], [26, 31], [32, 37], [38, 43], [44, 50]]
[[0, 7], [8, 13], [14, 19], [20, 25], [26, 31], [32, 37], [38, 43], [44, 50]]
[[0, 7], [8, 13], [14, 19], [20, 25], [26, 31], [32, 37], [38, 43], [44, 50]]
[[0, 6], [7, 12], [13, 19], [20, 25], [26, 31], [32, 37], [38, 43], [44, 50]]
[[0, 6], [7, 13], [14, 19], [20, 25], [26, 31], [32, 37], [38, 43], [44, 50]]
[[0, 6], [7, 12], [13, 18], [19, 25], [26, 31], [32, 37], [38, 43], [44, 50]]
[[0, 5], [6, 11], [12, 17], [18, 25], [26, 31], [32, 37], [38, 43], [44, 50]]
[[0, 5], [6, 13], [14, 19], [20, 25], [26, 31], [32, 37], [38, 43], [44, 50]]
[[0, 7], [8, 13], [14, 19], [20, 25], [26, 31], [32, 37], [38, 43], [44, 50]]
[[0, 5], [6, 11], [12, 19], [20, 25], [26, 31], [32, 37], [38, 43], [44, 50]]
[[0, 6], [7, 13], [14, 19], [20, 25], [26, 31], [32, 37], [38, 43], [44, 50]]
[[0, 6], [7, 12], [13, 19], [20, 25], [26, 31], [32, 37], [38, 43], [44, 50]]
[[0, 5], [6, 12], [13, 19], [20, 25], [26, 31], [32, 37], [38, 43], [44, 50]]
[[0, 6], [7, 12], [13, 18], [19, 25], [26, 31], [32, 37], [38, 43], [44, 50]]
[[0, 6], [7, 12], [13, 18], [19, 25], [26, 31], [32, 37], [38, 43], [44, 50]]
[[0, 7], [8, 13], [14, 19], [20, 25], [26, 31], [32, 37], [38, 43], [44, 50]]
[[0, 6], [7, 12], [13, 18], [19, 25], [26, 31], [32, 37], [38, 43], [44, 50]]
[[0, 5], [6, 12], [13, 19], [20, 25], [26, 31], [32, 37], [38, 43], [44, 50]]
[[0, 7], [8, 13], [14, 19], [20, 25], [26, 31], [32, 37], [38, 43], [44, 50]]
[[0, 7], [8, 13], [14, 19], [20, 25], [26, 31], [32, 37], [38, 43], [44, 50]]
[[0, 6], [7, 12], [13, 19], [20, 25], [26, 31], [32, 37], [38, 43], [44, 50]]
[[0, 7], [8, 13], [14, 19], [20, 25], [26, 31], [32, 37], [38, 43], [44, 50]]
[[0, 5], [6, 11], [12, 17], [18, 25], [26, 31], [32, 37], [38, 43], [44, 50]]
[[0, 5], [6, 13], [14, 19], [20, 25], [26, 31], [32, 37], [38, 43], [44, 50]]
[[0, 5], [6, 12], [13, 18], [19, 25], [26, 31], [32, 37], [38, 43], [44, 50]]
[[0, 5], [6, 13], [14, 19], [20, 25], [26, 31], [32, 37], [38, 43], [44, 50]]
[[0, 5], [6, 12], [13, 19], [20, 25], [26, 31], [32, 37], [38, 43], [44, 50]]
[[0, 6], [7, 13], [14, 19], [20, 25], [26, 31], [32, 37], [38, 43], [44, 50]]
]
Max value: 4961
====================
入札者数: 50
財の個数: 50
傾き:
[
[72, 89, 95, 86, 20, 94, 87, 27]
[21, 64, 61, 60, 28, 14, 38, 96]
[67, 64, 38, 43, 10, 30, 61, 24]
[93, 81, 62, 69, 19, 43, 13, 16]
[76, 59, 13, 22, 20, 68, 86, 30]
[81, 96, 94, 48, 40, 89, 53, 48]
[46, 27, 91, 96, 64, 87, 94, 74]
[15, 76, 90, 21, 35, 60, 29, 59]
[12, 48, 67, 76, 81, 67, 76, 50]
[48, 20, 29, 87, 75, 85, 55, 93]
[35, 45, 82, 38, 67, 48, 58, 36]
[20, 16, 33, 61, 91, 65, 96, 23]
[96, 32, 31, 58, 94, 89, 15, 16]
[10, 79, 39, 49, 44, 64, 61, 76]
[48, 18, 59, 22, 49, 94, 12, 44]
[64, 43, 70, 31, 48, 15, 82, 29]
[73, 32, 16, 63, 36, 97, 28, 20]
[40, 99, 20, 55, 29, 76, 82, 37]
[20, 13, 50, 96, 99, 38, 26, 51]
[78, 57, 23, 73, 46, 88, 83, 65]
[35, 62, 89, 37, 93, 90, 78, 27]
[42, 61, 66, 83, 71, 49, 27, 39]
[82, 99, 32, 78, 42, 39, 80, 13]
[86, 33, 64, 21, 52, 22, 36, 85]
[98, 41, 77, 34, 42, 13, 89, 88]
[39, 75, 38, 50, 94, 55, 91, 27]
[61, 33, 75, 58, 61, 28, 85, 61]
[28, 49, 85, 45, 36, 99, 20, 38]
[15, 76, 35, 91, 73, 88, 83, 20]
[95, 99, 35, 86, 91, 36, 99, 69]
[74, 81, 67, 77, 70, 69, 19, 64]
[73, 47, 84, 26, 19, 48, 10, 50]
[87, 57, 97, 14, 34, 13, 34, 46]
[46, 87, 42, 80, 90, 38, 71, 89]
[53, 70, 29, 38, 38, 68, 98, 41]
[39, 64, 84, 44, 62, 65, 26, 26]
[58, 83, 51, 45, 89, 75, 36, 39]
[82, 90, 56, 87, 63, 43, 28, 40]
[64, 82, 87, 72, 90, 36, 21, 21]
[70, 41, 73, 34, 66, 51, 51, 37]
[98, 49, 31, 28, 85, 62, 83, 49]
[27, 26, 37, 58, 55, 81, 73, 49]
[17, 58, 81, 60, 92, 74, 11, 98]
[72, 87, 72, 28, 34, 56, 68, 67]
[53, 47, 53, 73, 59, 54, 97, 32]
[94, 42, 70, 52, 48, 70, 25, 50]
[53, 32, 59, 77, 57, 50, 48, 79]
[51, 99, 40, 72, 75, 50, 92, 84]
[80, 13, 19, 35, 38, 54, 85, 35]
[41, 93, 71, 92, 93, 40, 54, 73]
]
需要区間:
[
[[0, 5], [6, 13], [14, 19], [20, 25], [26, 31], [32, 37], [38, 43], [44, 50]]
[[0, 6], [7, 12], [13, 18], [19, 25], [26, 31], [32, 37], [38, 43], [44, 50]]
[[0, 6], [7, 13], [14, 19], [20, 25], [26, 31], [32, 37], [38, 43], [44, 50]]
[[0, 5], [6, 12], [13, 18], [19, 25], [26, 31], [32, 37], [38, 43], [44, 50]]
[[0, 6], [7, 13], [14, 19], [20, 25], [26, 31], [32, 37], [38, 43], [44, 50]]
[[0, 5], [6, 11], [12, 19], [20, 25], [26, 31], [32, 37], [38, 43], [44, 50]]
[[0, 6], [7, 13], [14, 19], [20, 25], [26, 31], [32, 37], [38, 43], [44, 50]]
[[0, 7], [8, 13], [14, 19], [20, 25], [26, 31], [32, 37], [38, 43], [44, 50]]
[[0, 5], [6, 11], [12, 18], [19, 25], [26, 31], [32, 37], [38, 43], [44, 50]]
[[0, 5], [6, 13], [14, 19], [20, 25], [26, 31], [32, 37], [38, 43], [44, 50]]
[[0, 7], [8, 13], [14, 19], [20, 25], [26, 31], [32, 37], [38, 43], [44, 50]]
[[0, 5], [6, 12], [13, 18], [19, 25], [26, 31], [32, 37], [38, 43], [44, 50]]
[[0, 6], [7, 13], [14, 19], [20, 25], [26, 31], [32, 37], [38, 43], [44, 50]]
[[0, 6], [7, 12], [13, 18], [19, 25], [26, 31], [32, 37], [38, 43], [44, 50]]
[[0, 7], [8, 13], [14, 19], [20, 25], [26, 31], [32, 37], [38, 43], [44, 50]]
[[0, 6], [7, 13], [14, 19], [20, 25], [26, 31], [32, 37], [38, 43], [44, 50]]
[[0, 5], [6, 11], [12, 19], [20, 25], [26, 31], [32, 37], [38, 43], [44, 50]]
[[0, 5], [6, 11], [12, 18], [19, 24], [25, 31], [32, 37], [38, 43], [44, 50]]
[[0, 6], [7, 12], [13, 19], [20, 25], [26, 31], [32, 37], [38, 43], [44, 50]]
[[0, 7], [8, 13], [14, 19], [20, 25], [26, 31], [32, 37], [38, 43], [44, 50]]
[[0, 7], [8, 13], [14, 19], [20, 25], [26, 31], [32, 37], [38, 43], [44, 50]]
[[0, 5], [6, 12], [13, 19], [20, 25], [26, 31], [32, 37], [38, 43], [44, 50]]
[[0, 5], [6, 13], [14, 19], [20, 25], [26, 31], [32, 37], [38, 43], [44, 50]]
[[0, 5], [6, 13], [14, 19], [20, 25], [26, 31], [32, 37], [38, 43], [44, 50]]
[[0, 7], [8, 13], [14, 19], [20, 25], [26, 31], [32, 37], [38, 43], [44, 50]]
[[0, 7], [8, 13], [14, 19], [20, 25], [26, 31], [32, 37], [38, 43], [44, 50]]
[[0, 5], [6, 11], [12, 18], [19, 24], [25, 31], [32, 37], [38, 43], [44, 50]]
[[0, 5], [6, 12], [13, 19], [20, 25], [26, 31], [32, 37], [38, 43], [44, 50]]
[[0, 7], [8, 13], [14, 19], [20, 25], [26, 31], [32, 37], [38, 43], [44, 50]]
[[0, 6], [7, 12], [13, 19], [20, 25], [26, 31], [32, 37], [38, 43], [44, 50]]
[[0, 5], [6, 12], [13, 18], [19, 24], [25, 31], [32, 37], [38, 43], [44, 50]]
[[0, 6], [7, 12], [13, 18], [19, 24], [25, 31], [32, 37], [38, 43], [44, 50]]
[[0, 7], [8, 13], [14, 19], [20, 25], [26, 31], [32, 37], [38, 43], [44, 50]]
[[0, 7], [8, 13], [14, 19], [20, 25], [26, 31], [32, 37], [38, 43], [44, 50]]
[[0, 5], [6, 12], [13, 19], [20, 25], [26, 31], [32, 37], [38, 43], [44, 50]]
[[0, 5], [6, 12], [13, 19], [20, 25], [26, 31], [32, 37], [38, 43], [44, 50]]
[[0, 5], [6, 11], [12, 18], [19, 25], [26, 31], [32, 37], [38, 43], [44, 50]]
[[0, 5], [6, 11], [12, 18], [19, 24], [25, 30], [31, 37], [38, 43], [44, 50]]
[[0, 5], [6, 11], [12, 19], [20, 25], [26, 31], [32, 37], [38, 43], [44, 50]]
[[0, 7], [8, 13], [14, 19], [20, 25], [26, 31], [32, 37], [38, 43], [44, 50]]
[[0, 7], [8, 13], [14, 19], [20, 25], [26, 31], [32, 37], [38, 43], [44, 50]]
[[0, 5], [6, 11], [12, 18], [19, 24], [25, 30], [31, 37], [38, 43], [44, 50]]
[[0, 5], [6, 13], [14, 19], [20, 25], [26, 31], [32, 37], [38, 43], [44, 50]]
[[0, 6], [7, 13], [14, 19], [20, 25], [26, 31], [32, 37], [38, 43], [44, 50]]
[[0, 7], [8, 13], [14, 19], [20, 25], [26, 31], [32, 37], [38, 43], [44, 50]]
[[0, 6], [7, 12], [13, 18], [19, 24], [25, 30], [31, 36], [37, 43], [44, 50]]
[[0, 7], [8, 13], [14, 19], [20, 25], [26, 31], [32, 37], [38, 43], [44, 50]]
[[0, 7], [8, 13], [14, 19], [20, 25], [26, 31], [32, 37], [38, 43], [44, 50]]
[[0, 7], [8, 13], [14, 19], [20, 25], [26, 31], [32, 37], [38, 43], [44, 50]]
[[0, 7], [8, 13], [14, 19], [20, 25], [26, 31], [32, 37], [38, 43], [44, 50]]
]
Max value: 4950
====================
入札者数: 50
財の個数: 50
傾き:
[
[34, 63, 10, 40, 62, 85, 28, 29, 47]
[24, 10, 85, 37, 12, 40, 93, 98, 89]
[31, 52, 54, 79, 47, 68, 60, 80, 91]
[71, 86, 12, 65, 20, 60, 53, 68, 83]
[24, 68, 28, 26, 34, 86, 87, 22, 73]
[51, 34, 55, 29, 39, 80, 59, 10, 96]
[36, 99, 100, 52, 40, 88, 69, 33, 100]
[75, 59, 66, 93, 59, 67, 57, 87, 64]
[23, 82, 36, 55, 37, 12, 63, 51, 11]
[14, 33, 23, 29, 39, 22, 27, 70, 51]
[46, 10, 81, 51, 89, 78, 60, 13, 71]
[52, 24, 88, 93, 74, 75, 21, 82, 88]
[45, 25, 23, 36, 22, 70, 72, 71, 28]
[52, 64, 97, 47, 93, 75, 44, 56, 32]
[99, 95, 16, 37, 81, 22, 18, 60, 56]
[39, 66, 32, 78, 35, 44, 71, 51, 20]
[56, 40, 61, 34, 23, 24, 51, 52, 64]
[13, 91, 80, 26, 19, 91, 68, 78, 29]
[50, 46, 25, 81, 68, 92, 98, 24, 37]
[47, 10, 81, 91, 20, 56, 30, 25, 40]
[58, 81, 54, 44, 84, 64, 91, 81, 35]
[89, 39, 75, 38, 75, 62, 84, 57, 43]
[92, 14, 81, 89, 37, 82, 19, 41, 62]
[52, 85, 62, 36, 28, 73, 50, 54, 67]
[90, 15, 29, 93, 29, 19, 91, 62, 82]
[10, 49, 47, 78, 84, 33, 23, 75, 85]
[36, 79, 52, 81, 87, 43, 88, 89, 13]
[70, 16, 15, 91, 82, 46, 15, 92, 49]
[31, 74, 91, 24, 14, 53, 23, 95, 87]
[37, 29, 43, 86, 66, 73, 41, 64, 97]
[31, 61, 76, 41, 97, 11, 79, 85, 66]
[43, 24, 96, 86, 28, 13, 47, 73, 41]
[86, 10, 29, 27, 37, 64, 34, 60, 89]
[57, 81, 43, 43, 45, 36, 86, 89, 32]
[19, 27, 20, 37, 31, 61, 49, 100, 85]
[99, 36, 73, 13, 83, 52, 47, 19, 96]
[69, 92, 19, 85, 65, 31, 13, 74, 42]
[19, 25, 98, 19, 10, 40, 10, 75, 92]
[14, 28, 100, 79, 60, 24, 25, 33, 70]
[64, 88, 66, 97, 55, 28, 76, 26, 100]
[38, 76, 11, 32, 98, 82, 87, 15, 26]
[32, 43, 90, 22, 50, 63, 43, 91, 55]
[21, 41, 74, 46, 69, 63, 79, 93, 14]
[56, 57, 14, 66, 11, 66, 41, 34, 67]
[92, 35, 41, 76, 51, 87, 65, 96, 62]
[21, 22, 22, 25, 95, 33, 32, 32, 58]
[63, 24, 42, 90, 35, 93, 81, 36, 46]
[87, 69, 63, 36, 58, 59, 32, 95, 32]
[55, 25, 27, 21, 39, 70, 75, 31, 46]
[15, 88, 56, 70, 61, 67, 55, 71, 34]
]
需要区間:
[
[[0, 5], [6, 12], [13, 18], [19, 23], [24, 28], [29, 33], [34, 38], [39, 43], [44, 50]]
[[0, 9], [10, 14], [15, 19], [20, 24], [25, 29], [30, 34], [35, 39], [40, 44], [45, 50]]
[[0, 6], [7, 12], [13, 17], [18, 23], [24, 29], [30, 34], [35, 39], [40, 44], [45, 50]]
[[0, 9], [10, 14], [15, 19], [20, 24], [25, 29], [30, 34], [35, 39], [40, 44], [45, 50]]
[[0, 4], [5, 10], [11, 15], [16, 21], [22, 29], [30, 34], [35, 39], [40, 44], [45, 50]]
[[0, 8], [9, 14], [15, 19], [20, 24], [25, 29], [30, 34], [35, 39], [40, 44], [45, 50]]
[[0, 5], [6, 13], [14, 19], [20, 24], [25, 29], [30, 34], [35, 39], [40, 44], [45, 50]]
[[0, 5], [6, 14], [15, 19], [20, 24], [25, 29], [30, 34], [35, 39], [40, 44], [45, 50]]
[[0, 5], [6, 10], [11, 18], [19, 23], [24, 29], [30, 34], [35, 39], [40, 44], [45, 50]]
[[0, 4], [5, 13], [14, 18], [19, 24], [25, 29], [30, 34], [35, 39], [40, 44], [45, 50]]
[[0, 9], [10, 14], [15, 19], [20, 24], [25, 29], [30, 34], [35, 39], [40, 44], [45, 50]]
[[0, 4], [5, 12], [13, 17], [18, 24], [25, 29], [30, 34], [35, 39], [40, 44], [45, 50]]
[[0, 8], [9, 14], [15, 19], [20, 24], [25, 29], [30, 34], [35, 39], [40, 44], [45, 50]]
[[0, 4], [5, 14], [15, 19], [20, 24], [25, 29], [30, 34], [35, 39], [40, 44], [45, 50]]
[[0, 9], [10, 14], [15, 19], [20, 24], [25, 29], [30, 34], [35, 39], [40, 44], [45, 50]]
[[0, 4], [5, 13], [14, 19], [20, 24], [25, 29], [30, 34], [35, 39], [40, 44], [45, 50]]
[[0, 7], [8, 14], [15, 19], [20, 24], [25, 29], [30, 34], [35, 39], [40, 44], [45, 50]]
[[0, 5], [6, 13], [14, 19], [20, 24], [25, 29], [30, 34], [35, 39], [40, 44], [45, 50]]
[[0, 9], [10, 14], [15, 19], [20, 24], [25, 29], [30, 34], [35, 39], [40, 44], [45, 50]]
[[0, 5], [6, 10], [11, 16], [17, 22], [23, 29], [30, 34], [35, 39], [40, 44], [45, 50]]
[[0, 4], [5, 11], [12, 17], [18, 23], [24, 29], [30, 34], [35, 39], [40, 44], [45, 50]]
[[0, 9], [10, 14], [15, 19], [20, 24], [25, 29], [30, 34], [35, 39], [40, 44], [45, 50]]
[[0, 6], [7, 14], [15, 19], [20, 24], [25, 29], [30, 34], [35, 39], [40, 44], [45, 50]]
[[0, 8], [9, 14], [15, 19], [20, 24], [25, 29], [30, 34], [35, 39], [40, 44], [45, 50]]
[[0, 4], [5, 9], [10, 17], [18, 22], [23, 28], [29, 33], [34, 39], [40, 44], [45, 50]]
[[0, 7], [8, 12], [13, 18], [19, 23], [24, 29], [30, 34], [35, 39], [40, 44], [45, 50]]
[[0, 8], [9, 14], [15, 19], [20, 24], [25, 29], [30, 34], [35, 39], [40, 44], [45, 50]]
[[0, 8], [9, 14], [15, 19], [20, 24], [25, 29], [30, 34], [35, 39], [40, 44], [45, 50]]
[[0, 4], [5, 14], [15, 19], [20, 24], [25, 29], [30, 34], [35, 39], [40, 44], [45, 50]]
[[0, 6], [7, 14], [15, 19], [20, 24], [25, 29], [30, 34], [35, 39], [40, 44], [45, 50]]
[[0, 9], [10, 14], [15, 19], [20, 24], [25, 29], [30, 34], [35, 39], [40, 44], [45, 50]]
[[0, 4], [5, 10], [11, 19], [20, 24], [25, 29], [30, 34], [35, 39], [40, 44], [45, 50]]
[[0, 6], [7, 12], [13, 18], [19, 23], [24, 28], [29, 34], [35, 39], [40, 44], [45, 50]]
[[0, 5], [6, 14], [15, 19], [20, 24], [25, 29], [30, 34], [35, 39], [40, 44], [45, 50]]
[[0, 8], [9, 13], [14, 18], [19, 24], [25, 29], [30, 34], [35, 39], [40, 44], [45, 50]]
[[0, 8], [9, 13], [14, 19], [20, 24], [25, 29], [30, 34], [35, 39], [40, 44], [45, 50]]
[[0, 7], [8, 14], [15, 19], [20, 24], [25, 29], [30, 34], [35, 39], [40, 44], [45, 50]]
[[0, 4], [5, 9], [10, 14], [15, 23], [24, 29], [30, 34], [35, 39], [40, 44], [45, 50]]
[[0, 9], [10, 14], [15, 19], [20, 24], [25, 29], [30, 34], [35, 39], [40, 44], [45, 50]]
[[0, 7], [8, 14], [15, 19], [20, 24], [25, 29], [30, 34], [35, 39], [40, 44], [45, 50]]
[[0, 5], [6, 12], [13, 19], [20, 24], [25, 29], [30, 34], [35, 39], [40, 44], [45, 50]]
[[0, 9], [10, 14], [15, 19], [20, 24], [25, 29], [30, 34], [35, 39], [40, 44], [45, 50]]
[[0, 8], [9, 14], [15, 19], [20, 24], [25, 29], [30, 34], [35, 39], [40, 44], [45, 50]]
[[0, 6], [7, 12], [13, 18], [19, 23], [24, 28], [29, 33], [34, 38], [39, 44], [45, 50]]
[[0, 6], [7, 14], [15, 19], [20, 24], [25, 29], [30, 34], [35, 39], [40, 44], [45, 50]]
[[0, 7], [8, 13], [14, 19], [20, 24], [25, 29], [30, 34], [35, 39], [40, 44], [45, 50]]
[[0, 6], [7, 12], [13, 19], [20, 24], [25, 29], [30, 34], [35, 39], [40, 44], [45, 50]]
[[0, 4], [5, 10], [11, 15], [16, 22], [23, 29], [30, 34], [35, 39], [40, 44], [45, 50]]
[[0, 7], [8, 13], [14, 19], [20, 24], [25, 29], [30, 34], [35, 39], [40, 44], [45, 50]]
[[0, 5], [6, 12], [13, 18], [19, 23], [24, 28], [29, 34], [35, 39], [40, 44], [45, 50]]
]
Max value: 5000
平均実行時間: 0.027693220030050723 秒
