====================
入札者数: 50
財の個数: 20
傾き:
[
[33, 44, 79, 27, 64, 39, 74, 86, 44]
[52, 30, 32, 53, 28, 52, 12, 86, 53]
[25, 56, 76, 22, 32, 32, 10, 75, 18]
[40, 56, 19, 54, 41, 74, 64, 63, 67]
[25, 79, 95, 49, 93, 53, 97, 51, 58]
[39, 91, 74, 51, 24, 36, 54, 50, 53]
[36, 83, 66, 40, 97, 32, 67, 57, 10]
[80, 74, 17, 56, 39, 31, 62, 98, 54]
[38, 88, 11, 26, 36, 99, 84, 99, 26]
[63, 43, 67, 79, 73, 25, 75, 15, 97]
[82, 74, 37, 76, 82, 71, 85, 53, 65]
[51, 11, 29, 73, 26, 98, 22, 20, 89]
[62, 43, 96, 91, 12, 34, 85, 27, 29]
[75, 28, 13, 61, 19, 27, 52, 39, 47]
[62, 82, 97, 13, 69, 54, 87, 16, 49]
[96, 67, 16, 85, 33, 69, 93, 17, 60]
[21, 73, 30, 82, 71, 30, 52, 74, 15]
[21, 26, 29, 57, 80, 46, 75, 41, 94]
[80, 69, 25, 86, 48, 44, 27, 13, 16]
[46, 66, 16, 35, 16, 78, 49, 82, 99]
[82, 35, 85, 30, 35, 34, 78, 16, 53]
[48, 71, 32, 53, 75, 36, 88, 29, 57]
[18, 14, 41, 16, 48, 14, 96, 66, 42]
[73, 55, 69, 63, 33, 50, 63, 63, 78]
[92, 40, 74, 20, 30, 33, 60, 88, 84]
[86, 44, 49, 61, 58, 87, 84, 84, 64]
[11, 29, 66, 70, 68, 60, 93, 19, 57]
[80, 13, 65, 62, 36, 96, 79, 53, 47]
[30, 100, 21, 29, 17, 29, 29, 63, 15]
[81, 47, 57, 29, 86, 83, 34, 13, 93]
[66, 91, 30, 24, 45, 86, 19, 87, 97]
[40, 69, 13, 99, 79, 99, 41, 56, 45]
[100, 76, 76, 33, 81, 13, 76, 16, 28]
[28, 58, 46, 18, 21, 54, 89, 54, 74]
[90, 87, 43, 51, 68, 57, 70, 17, 53]
[90, 87, 22, 15, 89, 95, 58, 10, 94]
[10, 89, 24, 28, 87, 94, 22, 28, 40]
[37, 30, 77, 100, 41, 13, 24, 89, 18]
[39, 41, 96, 66, 93, 41, 96, 42, 61]
[51, 66, 83, 92, 35, 93, 55, 14, 93]
[39, 82, 24, 66, 23, 75, 36, 20, 80]
[65, 43, 90, 56, 54, 21, 32, 25, 29]
[33, 39, 42, 92, 96, 42, 30, 28, 59]
[89, 16, 52, 53, 58, 20, 90, 72, 25]
[88, 28, 57, 14, 22, 29, 36, 57, 43]
[75, 54, 55, 69, 38, 76, 14, 78, 22]
[56, 81, 78, 80, 25, 81, 35, 34, 12]
[41, 35, 74, 45, 31, 67, 25, 89, 22]
[18, 94, 60, 21, 71, 82, 11, 26, 88]
[78, 25, 21, 79, 43, 98, 65, 33, 85]
]
需要区間:
[
[[0, 3], [4, 5], [6, 7], [8, 9], [10, 11], [12, 13], [14, 15], [16, 17], [18, 20]]
[[0, 1], [2, 3], [4, 5], [6, 9], [10, 11], [12, 13], [14, 15], [16, 17], [18, 20]]
[[0, 2], [3, 4], [5, 6], [7, 9], [10, 11], [12, 13], [14, 15], [16, 17], [18, 20]]
[[0, 2], [3, 5], [6, 7], [8, 9], [10, 11], [12, 13], [14, 15], [16, 17], [18, 20]]
[[0, 1], [2, 5], [6, 7], [8, 9], [10, 11], [12, 13], [14, 15], [16, 17], [18, 20]]
[[0, 2], [3, 5], [6, 7], [8, 9], [10, 11], [12, 13], [14, 15], [16, 17], [18, 20]]
[[0, 2], [3, 5], [6, 7], [8, 9], [10, 11], [12, 13], [14, 15], [16, 17], [18, 20]]
[[0, 1], [2, 5], [6, 7], [8, 9], [10, 11], [12, 13], [14, 15], [16, 17], [18, 20]]
[[0, 2], [3, 5], [6, 7], [8, 9], [10, 11], [12, 13], [14, 15], [16, 17], [18, 20]]
[[0, 2], [3, 4], [5, 6], [7, 9], [10, 11], [12, 13], [14, 15], [16, 17], [18, 20]]
[[0, 2], [3, 4], [5, 6], [7, 8], [9, 10], [11, 12], [13, 15], [16, 17], [18, 20]]
[[0, 1], [2, 3], [4, 7], [8, 9], [10, 11], [12, 13], [14, 15], [16, 17], [18, 20]]
[[0, 3], [4, 5], [6, 7], [8, 9], [10, 11], [12, 13], [14, 15], [16, 17], [18, 20]]
[[0, 1], [2, 3], [4, 5], [6, 8], [9, 10], [11, 13], [14, 15], [16, 17], [18, 20]]
[[0, 1], [2, 3], [4, 5], [6, 9], [10, 11], [12, 13], [14, 15], [16, 17], [18, 20]]
[[0, 2], [3, 5], [6, 7], [8, 9], [10, 11], [12, 13], [14, 15], [16, 17], [18, 20]]
[[0, 2], [3, 4], [5, 6], [7, 8], [9, 11], [12, 13], [14, 15], [16, 17], [18, 20]]
[[0, 1], [2, 3], [4, 7], [8, 9], [10, 11], [12, 13], [14, 15], [16, 17], [18, 20]]
[[0, 3], [4, 5], [6, 7], [8, 9], [10, 11], [12, 13], [14, 15], [16, 17], [18, 20]]
[[0, 2], [3, 5], [6, 7], [8, 9], [10, 11], [12, 13], [14, 15], [16, 17], [18, 20]]
[[0, 2], [3, 4], [5, 6], [7, 8], [9, 11], [12, 13], [14, 15], [16, 17], [18, 20]]
[[0, 2], [3, 5], [6, 7], [8, 9], [10, 11], [12, 13], [14, 15], [16, 17], [18, 20]]
[[0, 2], [3, 4], [5, 7], [8, 9], [10, 11], [12, 13], [14, 15], [16, 17], [18, 20]]
[[0, 2], [3, 5], [6, 7], [8, 9], [10, 11], [12, 13], [14, 15], [16, 17], [18, 20]]
[[0, 1], [2, 3], [4, 7], [8, 9], [10, 11], [12, 13], [14, 15], [16, 17], [18, 20]]
[[0, 2], [3, 5], [6, 7], [8, 9], [10, 11], [12, 13], [14, 15], [16, 17], [18, 20]]
[[0, 2], [3, 5], [6, 7], [8, 9], [10, 11], [12, 13], [14, 15], [16, 17], [18, 20]]
[[0, 1], [2, 3], [4, 5], [6, 7], [8, 11], [12, 13], [14, 15], [16, 17], [18, 20]]
[[0, 2], [3, 4], [5, 6], [7, 8], [9, 10], [11, 13], [14, 15], [16, 17], [18, 20]]
[[0, 3], [4, 5], [6, 7], [8, 9], [10, 11], [12, 13], [14, 15], [16, 17], [18, 20]]
[[0, 3], [4, 5], [6, 7], [8, 9], [10, 11], [12, 13], [14, 15], [16, 17], [18, 20]]
[[0, 2], [3, 5], [6, 7], [8, 9], [10, 11], [12, 13], [14, 15], [16, 17], [18, 20]]
[[0, 1], [2, 4], [5, 7], [8, 9], [10, 11], [12, 13], [14, 15], [16, 17], [18, 20]]
[[0, 1], [2, 3], [4, 7], [8, 9], [10, 11], [12, 13], [14, 15], [16, 17], [18, 20]]
[[0, 2], [3, 5], [6, 7], [8, 9], [10, 11], [12, 13], [14, 15], [16, 17], [18, 20]]
[[0, 3], [4, 5], [6, 7], [8, 9], [10, 11], [12, 13], [14, 15], [16, 17], [18, 20]]
[[0, 1], [2, 3], [4, 6], [7, 8], [9, 11], [12, 13], [14, 15], [16, 17], [18, 20]]
[[0, 1], [2, 3], [4, 7], [8, 9], [10, 11], [12, 13], [14, 15], [16, 17], [18, 20]]
[[0, 2], [3, 5], [6, 7], [8, 9], [10, 11], [12, 13], [14, 15], [16, 17], [18, 20]]
[[0, 2], [3, 4], [5, 7], [8, 9], [10, 11], [12, 13], [14, 15], [16, 17], [18, 20]]
[[0, 3], [4, 5], [6, 7], [8, 9], [10, 11], [12, 13], [14, 15], [16, 17], [18, 20]]
[[0, 3], [4, 5], [6, 7], [8, 9], [10, 11], [12, 13], [14, 15], [16, 17], [18, 20]]
[[0, 3], [4, 5], [6, 7], [8, 9], [10, 11], [12, 13], [14, 15], [16, 17], [18, 20]]
[[0, 3], [4, 5], [6, 7], [8, 9], [10, 11], [12, 13], [14, 15], [16, 17], [18, 20]]
[[0, 3], [4, 5], [6, 7], [8, 9], [10, 11], [12, 13], [14, 15], [16, 17], [18, 20]]
[[0, 1], [2, 4], [5, 6], [7, 9], [10, 11], [12, 13], [14, 15], [16, 17], [18, 20]]
[[0, 2], [3, 5], [6, 7], [8, 9], [10, 11], [12, 13], [14, 15], [16, 17], [18, 20]]
[[0, 1], [2, 3], [4, 7], [8, 9], [10, 11], [12, 13], [14, 15], [16, 17], [18, 20]]
[[0, 3], [4, 5], [6, 7], [8, 9], [10, 11], [12, 13], [14, 15], [16, 17], [18, 20]]
[[0, 2], [3, 4], [5, 7], [8, 9], [10, 11], [12, 13], [14, 15], [16, 17], [18, 20]]
]
Max value: 1992
====================
入札者数: 50
財の個数: 20
傾き:
[
[31, 68, 17, 82, 93, 53, 25]
[66, 68, 26, 20, 30, 30, 31]
[36, 12, 19, 66, 98, 16, 32]
[63, 36, 57, 21, 32, 45, 30]
[90, 21, 51, 67, 56, 28, 59]
[82, 75, 68, 82, 30, 34, 37]
[45, 27, 32, 63, 44, 18, 12]
[50, 29, 76, 37, 42, 10, 45]
[34, 47, 33, 24, 29, 81, 29]
[79, 44, 85, 23, 17, 69, 89]
[78, 98, 20, 54, 29, 49, 59]
[100, 57, 25, 46, 90, 66, 31]
[22, 56, 35, 57, 67, 35, 13]
[75, 16, 96, 99, 45, 10, 63]
[47, 81, 100, 85, 72, 87, 80]
[96, 15, 25, 19, 18, 94, 14]
[54, 69, 81, 59, 30, 97, 56]
[22, 45, 82, 90, 63, 58, 89]
[86, 17, 40, 64, 87, 10, 45]
[51, 15, 67, 25, 63, 49, 19]
[92, 23, 42, 96, 34, 93, 100]
[92, 45, 76, 94, 46, 39, 10]
[90, 21, 14, 66, 19, 70, 17]
[80, 22, 93, 61, 98, 60, 65]
[37, 65, 79, 64, 41, 98, 28]
[34, 25, 80, 23, 55, 88, 86]
[61, 14, 47, 36, 95, 39, 13]
[61, 57, 100, 72, 71, 24, 12]
[78, 98, 46, 46, 14, 94, 34]
[14, 34, 80, 77, 83, 75, 15]
[61, 19, 32, 86, 37, 29, 45]
[15, 98, 98, 87, 24, 21, 66]
[41, 27, 35, 10, 42, 69, 28]
[14, 69, 24, 19, 74, 68, 24]
[10, 44, 12, 23, 99, 85, 32]
[12, 41, 63, 29, 40, 17, 94]
[43, 36, 89, 26, 45, 99, 71]
[18, 91, 11, 53, 64, 65, 35]
[23, 93, 65, 30, 11, 68, 83]
[28, 35, 95, 94, 30, 35, 95]
[39, 85, 68, 94, 91, 18, 95]
[23, 24, 79, 24, 30, 66, 88]
[100, 16, 75, 41, 69, 50, 28]
[70, 56, 70, 72, 59, 10, 47]
[28, 90, 65, 32, 51, 71, 80]
[94, 86, 21, 35, 73, 52, 26]
[35, 59, 47, 45, 41, 98, 27]
[42, 56, 68, 32, 72, 18, 66]
[75, 80, 25, 92, 51, 85, 36]
[64, 56, 14, 71, 92, 30, 50]
]
需要区間:
[
[[0, 7], [8, 9], [10, 11], [12, 13], [14, 15], [16, 17], [18, 20]]
[[0, 5], [6, 7], [8, 10], [11, 13], [14, 15], [16, 17], [18, 20]]
[[0, 1], [2, 3], [4, 6], [7, 12], [13, 15], [16, 17], [18, 20]]
[[0, 5], [6, 8], [9, 10], [11, 12], [13, 15], [16, 17], [18, 20]]
[[0, 5], [6, 9], [10, 11], [12, 13], [14, 15], [16, 17], [18, 20]]
[[0, 7], [8, 9], [10, 11], [12, 13], [14, 15], [16, 17], [18, 20]]
[[0, 6], [7, 9], [10, 11], [12, 13], [14, 15], [16, 17], [18, 20]]
[[0, 1], [2, 3], [4, 6], [7, 8], [9, 15], [16, 17], [18, 20]]
[[0, 1], [2, 6], [7, 8], [9, 11], [12, 15], [16, 17], [18, 20]]
[[0, 3], [4, 5], [6, 7], [8, 13], [14, 15], [16, 17], [18, 20]]
[[0, 2], [3, 9], [10, 11], [12, 13], [14, 15], [16, 17], [18, 20]]
[[0, 6], [7, 9], [10, 11], [12, 13], [14, 15], [16, 17], [18, 20]]
[[0, 3], [4, 7], [8, 9], [10, 13], [14, 15], [16, 17], [18, 20]]
[[0, 7], [8, 9], [10, 11], [12, 13], [14, 15], [16, 17], [18, 20]]
[[0, 1], [2, 6], [7, 10], [11, 12], [13, 15], [16, 17], [18, 20]]
[[0, 5], [6, 9], [10, 11], [12, 13], [14, 15], [16, 17], [18, 20]]
[[0, 5], [6, 7], [8, 9], [10, 13], [14, 15], [16, 17], [18, 20]]
[[0, 5], [6, 7], [8, 9], [10, 12], [13, 14], [15, 17], [18, 20]]
[[0, 6], [7, 9], [10, 11], [12, 13], [14, 15], [16, 17], [18, 20]]
[[0, 2], [3, 8], [9, 11], [12, 13], [14, 15], [16, 17], [18, 20]]
[[0, 2], [3, 7], [8, 9], [10, 12], [13, 15], [16, 17], [18, 20]]
[[0, 6], [7, 8], [9, 10], [11, 12], [13, 14], [15, 17], [18, 20]]
[[0, 4], [5, 8], [9, 10], [11, 12], [13, 15], [16, 17], [18, 20]]
[[0, 3], [4, 9], [10, 11], [12, 13], [14, 15], [16, 17], [18, 20]]
[[0, 3], [4, 5], [6, 8], [9, 10], [11, 12], [13, 16], [17, 20]]
[[0, 5], [6, 7], [8, 9], [10, 13], [14, 15], [16, 17], [18, 20]]
[[0, 2], [3, 5], [6, 8], [9, 12], [13, 14], [15, 17], [18, 20]]
[[0, 5], [6, 7], [8, 11], [12, 13], [14, 15], [16, 17], [18, 20]]
[[0, 6], [7, 9], [10, 11], [12, 13], [14, 15], [16, 17], [18, 20]]
[[0, 6], [7, 9], [10, 11], [12, 13], [14, 15], [16, 17], [18, 20]]
[[0, 3], [4, 7], [8, 9], [10, 13], [14, 15], [16, 17], [18, 20]]
[[0, 1], [2, 3], [4, 5], [6, 7], [8, 12], [13, 14], [15, 20]]
[[0, 5], [6, 9], [10, 11], [12, 13], [14, 15], [16, 17], [18, 20]]
[[0, 2], [3, 6], [7, 10], [11, 13], [14, 15], [16, 17], [18, 20]]
[[0, 6], [7, 9], [10, 11], [12, 13], [14, 15], [16, 17], [18, 20]]
[[0, 2], [3, 5], [6, 10], [11, 12], [13, 15], [16, 17], [18, 20]]
[[0, 1], [2, 7], [8, 10], [11, 13], [14, 15], [16, 17], [18, 20]]
[[0, 1], [2, 3], [4, 9], [10, 11], [12, 15], [16, 17], [18, 20]]
[[0, 5], [6, 8], [9, 10], [11, 12], [13, 14], [15, 17], [18, 20]]
[[0, 1], [2, 7], [8, 11], [12, 13], [14, 15], [16, 17], [18, 20]]
[[0, 3], [4, 8], [9, 10], [11, 12], [13, 15], [16, 17], [18, 20]]
[[0, 4], [5, 6], [7, 8], [9, 13], [14, 15], [16, 17], [18, 20]]
[[0, 5], [6, 9], [10, 11], [12, 13], [14, 15], [16, 17], [18, 20]]
[[0, 4], [5, 7], [8, 11], [12, 13], [14, 15], [16, 17], [18, 20]]
[[0, 5], [6, 7], [8, 11], [12, 13], [14, 15], [16, 17], [18, 20]]
[[0, 7], [8, 9], [10, 11], [12, 13], [14, 15], [16, 17], [18, 20]]
[[0, 1], [2, 7], [8, 10], [11, 12], [13, 15], [16, 17], [18, 20]]
[[0, 1], [2, 3], [4, 9], [10, 13], [14, 15], [16, 17], [18, 20]]
[[0, 1], [2, 4], [5, 11], [12, 13], [14, 15], [16, 17], [18, 20]]
[[0, 7], [8, 9], [10, 11], [12, 13], [14, 15], [16, 17], [18, 20]]
]
Max value: 2000
====================
入札者数: 50
財の個数: 20
傾き:
[
[78, 74, 62, 62, 89, 57, 23, 91, 13]
[42, 39, 94, 28, 33, 14, 32, 41, 19]
[65, 35, 44, 67, 35, 26, 98, 18, 100]
[85, 91, 90, 77, 77, 55, 30, 81, 74]
[36, 76, 37, 94, 74, 25, 22, 85, 91]
[56, 60, 96, 12, 98, 95, 51, 61, 86]
[84, 52, 54, 52, 13, 38, 83, 18, 31]
[31, 66, 45, 31, 54, 14, 76, 95, 94]
[26, 16, 73, 59, 99, 48, 26, 16, 39]
[97, 46, 94, 64, 56, 45, 100, 19, 89]
[99, 75, 83, 27, 50, 18, 97, 20, 47]
[41, 80, 53, 39, 51, 28, 54, 14, 15]
[98, 69, 11, 13, 12, 91, 14, 91, 33]
[81, 17, 13, 65, 24, 52, 67, 100, 65]
[64, 12, 69, 62, 98, 20, 14, 76, 80]
[100, 60, 62, 28, 28, 70, 55, 61, 79]
[82, 88, 71, 66, 11, 46, 16, 62, 45]
[12, 90, 64, 22, 57, 88, 70, 55, 25]
[75, 13, 76, 16, 71, 92, 98, 49, 24]
[22, 99, 29, 96, 24, 100, 85, 62, 85]
[91, 37, 18, 13, 78, 12, 95, 16, 48]
[77, 33, 83, 83, 57, 71, 34, 21, 18]
[33, 16, 35, 34, 92, 54, 62, 39, 37]
[77, 87, 94, 98, 99, 90, 30, 27, 53]
[85, 14, 38, 98, 75, 12, 42, 15, 50]
[50, 66, 56, 34, 41, 50, 100, 100, 40]
[66, 41, 49, 12, 93, 38, 94, 11, 48]
[14, 39, 81, 19, 58, 67, 83, 91, 90]
[96, 33, 42, 36, 83, 83, 95, 77, 14]
[88, 36, 96, 57, 18, 26, 36, 60, 12]
[21, 35, 77, 17, 89, 25, 15, 99, 43]
[95, 100, 47, 55, 88, 35, 38, 79, 69]
[38, 77, 97, 100, 79, 95, 42, 79, 31]
[46, 76, 24, 32, 91, 17, 33, 51, 83]
[60, 91, 30, 14, 60, 44, 24, 44, 74]
[53, 76, 48, 84, 16, 10, 68, 57, 24]
[34, 16, 36, 26, 91, 55, 24, 43, 13]
[73, 18, 24, 66, 18, 51, 16, 71, 68]
[59, 10, 69, 61, 71, 75, 95, 89, 39]
[80, 82, 52, 28, 57, 35, 78, 55, 88]
[60, 88, 27, 48, 12, 64, 69, 47, 86]
[73, 11, 95, 51, 87, 32, 65, 44, 90]
[19, 11, 26, 83, 26, 49, 73, 20, 90]
[75, 46, 31, 35, 41, 41, 46, 42, 87]
[39, 93, 89, 25, 67, 59, 33, 71, 30]
[25, 25, 74, 45, 90, 99, 57, 84, 53]
[91, 84, 26, 36, 73, 39, 24, 69, 95]
[38, 79, 10, 93, 89, 26, 30, 77, 15]
[58, 34, 84, 80, 94, 87, 89, 61, 54]
[19, 98, 25, 34, 61, 57, 35, 37, 15]
]
需要区間:
[
[[0, 2], [3, 4], [5, 6], [7, 9], [10, 11], [12, 13], [14, 15], [16, 17], [18, 20]]
[[0, 3], [4, 5], [6, 7], [8, 9], [10, 11], [12, 13], [14, 15], [16, 17], [18, 20]]
[[0, 3], [4, 5], [6, 7], [8, 9], [10, 11], [12, 13], [14, 15], [16, 17], [18, 20]]
[[0, 1], [2, 4], [5, 6], [7, 8], [9, 10], [11, 13], [14, 15], [16, 17], [18, 20]]
[[0, 2], [3, 4], [5, 7], [8, 9], [10, 11], [12, 13], [14, 15], [16, 17], [18, 20]]
[[0, 1], [2, 5], [6, 7], [8, 9], [10, 11], [12, 13], [14, 15], [16, 17], [18, 20]]
[[0, 3], [4, 5], [6, 7], [8, 9], [10, 11], [12, 13], [14, 15], [16, 17], [18, 20]]
[[0, 1], [2, 3], [4, 6], [7, 8], [9, 11], [12, 13], [14, 15], [16, 17], [18, 20]]
[[0, 3], [4, 5], [6, 7], [8, 9], [10, 11], [12, 13], [14, 15], [16, 17], [18, 20]]
[[0, 1], [2, 4], [5, 7], [8, 9], [10, 11], [12, 13], [14, 15], [16, 17], [18, 20]]
[[0, 3], [4, 5], [6, 7], [8, 9], [10, 11], [12, 13], [14, 15], [16, 17], [18, 20]]
[[0, 1], [2, 3], [4, 7], [8, 9], [10, 11], [12, 13], [14, 15], [16, 17], [18, 20]]
[[0, 2], [3, 4], [5, 6], [7, 8], [9, 11], [12, 13], [14, 15], [16, 17], [18, 20]]
[[0, 3], [4, 5], [6, 7], [8, 9], [10, 11], [12, 13], [14, 15], [16, 17], [18, 20]]
[[0, 1], [2, 3], [4, 6], [7, 9], [10, 11], [12, 13], [14, 15], [16, 17], [18, 20]]
[[0, 1], [2, 3], [4, 7], [8, 9], [10, 11], [12, 13], [14, 15], [16, 17], [18, 20]]
[[0, 3], [4, 5], [6, 7], [8, 9], [10, 11], [12, 13], [14, 15], [16, 17], [18, 20]]
[[0, 3], [4, 5], [6, 7], [8, 9], [10, 11], [12, 13], [14, 15], [16, 17], [18, 20]]
[[0, 1], [2, 5], [6, 7], [8, 9], [10, 11], [12, 13], [14, 15], [16, 17], [18, 20]]
[[0, 1], [2, 4], [5, 6], [7, 9], [10, 11], [12, 13], [14, 15], [16, 17], [18, 20]]
[[0, 3], [4, 5], [6, 7], [8, 9], [10, 11], [12, 13], [14, 15], [16, 17], [18, 20]]
[[0, 3], [4, 5], [6, 7], [8, 9], [10, 11], [12, 13], [14, 15], [16, 17], [18, 20]]
[[0, 1], [2, 4], [5, 6], [7, 8], [9, 10], [11, 12], [13, 14], [15, 17], [18, 20]]
[[0, 1], [2, 5], [6, 7], [8, 9], [10, 11], [12, 13], [14, 15], [16, 17], [18, 20]]
[[0, 3], [4, 5], [6, 7], [8, 9], [10, 11], [12, 13], [14, 15], [16, 17], [18, 20]]
[[0, 3], [4, 5], [6, 7], [8, 9], [10, 11], [12, 13], [14, 15], [16, 17], [18, 20]]
[[0, 3], [4, 5], [6, 7], [8, 9], [10, 11], [12, 13], [14, 15], [16, 17], [18, 20]]
[[0, 2], [3, 5], [6, 7], [8, 9], [10, 11], [12, 13], [14, 15], [16, 17], [18, 20]]
[[0, 1], [2, 4], [5, 7], [8, 9], [10, 11], [12, 13], [14, 15], [16, 17], [18, 20]]
[[0, 3], [4, 5], [6, 7], [8, 9], [10, 11], [12, 13], [14, 15], [16, 17], [18, 20]]
[[0, 1], [2, 5], [6, 7], [8, 9], [10, 11], [12, 13], [14, 15], [16, 17], [18, 20]]
[[0, 3], [4, 5], [6, 7], [8, 9], [10, 11], [12, 13], [14, 15], [16, 17], [18, 20]]
[[0, 1], [2, 5], [6, 7], [8, 9], [10, 11], [12, 13], [14, 15], [16, 17], [18, 20]]
[[0, 3], [4, 5], [6, 7], [8, 9], [10, 11], [12, 13], [14, 15], [16, 17], [18, 20]]
[[0, 3], [4, 5], [6, 7], [8, 9], [10, 11], [12, 13], [14, 15], [16, 17], [18, 20]]
[[0, 3], [4, 5], [6, 7], [8, 9], [10, 11], [12, 13], [14, 15], [16, 17], [18, 20]]
[[0, 3], [4, 5], [6, 7], [8, 9], [10, 11], [12, 13], [14, 15], [16, 17], [18, 20]]
[[0, 1], [2, 5], [6, 7], [8, 9], [10, 11], [12, 13], [14, 15], [16, 17], [18, 20]]
[[0, 2], [3, 5], [6, 7], [8, 9], [10, 11], [12, 13], [14, 15], [16, 17], [18, 20]]
[[0, 2], [3, 4], [5, 7], [8, 9], [10, 11], [12, 13], [14, 15], [16, 17], [18, 20]]
[[0, 3], [4, 5], [6, 7], [8, 9], [10, 11], [12, 13], [14, 15], [16, 17], [18, 20]]
[[0, 3], [4, 5], [6, 7], [8, 9], [10, 11], [12, 13], [14, 15], [16, 17], [18, 20]]
[[0, 1], [2, 5], [6, 7], [8, 9], [10, 11], [12, 13], [14, 15], [16, 17], [18, 20]]
[[0, 1], [2, 5], [6, 7], [8, 9], [10, 11], [12, 13], [14, 15], [16, 17], [18, 20]]
[[0, 2], [3, 5], [6, 7], [8, 9], [10, 11], [12, 13], [14, 15], [16, 17], [18, 20]]
[[0, 3], [4, 5], [6, 7], [8, 9], [10, 11], [12, 13], [14, 15], [16, 17], [18, 20]]
[[0, 1], [2, 4], [5, 6], [7, 8], [9, 10], [11, 13], [14, 15], [16, 17], [18, 20]]
[[0, 1], [2, 5], [6, 7], [8, 9], [10, 11], [12, 13], [14, 15], [16, 17], [18, 20]]
[[0, 3], [4, 5], [6, 7], [8, 9], [10, 11], [12, 13], [14, 15], [16, 17], [18, 20]]
[[0, 3], [4, 5], [6, 7], [8, 9], [10, 11], [12, 13], [14, 15], [16, 17], [18, 20]]
]
Max value: 2000
====================
入札者数: 50
財の個数: 20
傾き:
[
[51, 73, 34, 45, 49, 77, 22, 61]
[42, 100, 63, 20, 56, 88, 68, 25]
[97, 45, 21, 53, 86, 11, 56, 75]
[94, 21, 29, 49, 41, 99, 28, 42]
[88, 86, 65, 78, 68, 95, 91, 95]
[38, 71, 100, 50, 48, 38, 66, 97]
[83, 58, 89, 77, 34, 51, 33, 22]
[39, 50, 21, 18, 63, 82, 50, 41]
[29, 95, 17, 89, 87, 71, 15, 76]
[24, 70, 51, 31, 27, 64, 86, 16]
[52, 31, 33, 31, 28, 64, 71, 89]
[84, 53, 47, 85, 63, 71, 10, 31]
[20, 74, 18, 29, 11, 24, 31, 14]
[16, 91, 14, 76, 35, 20, 81, 80]
[35, 62, 58, 96, 41, 11, 78, 29]
[13, 98, 74, 64, 55, 18, 21, 51]
[80, 56, 66, 98, 75, 62, 19, 11]
[77, 38, 70, 33, 71, 29, 47, 13]
[77, 40, 35, 90, 40, 90, 67, 49]
[46, 37, 46, 39, 27, 58, 11, 71]
[90, 47, 95, 71, 15, 100, 65, 10]
[34, 95, 23, 12, 41, 31, 88, 53]
[91, 33, 88, 41, 31, 97, 63, 49]
[95, 91, 42, 55, 47, 85, 22, 75]
[68, 56, 99, 95, 97, 91, 46, 86]
[19, 25, 33, 19, 62, 74, 24, 52]
[66, 62, 83, 25, 66, 53, 51, 33]
[61, 96, 19, 14, 58, 18, 49, 56]
[68, 62, 91, 23, 71, 86, 69, 10]
[17, 37, 13, 28, 25, 55, 42, 27]
[75, 39, 16, 99, 24, 53, 16, 67]
[50, 46, 60, 24, 32, 84, 72, 20]
[50, 65, 31, 18, 99, 57, 48, 77]
[34, 55, 48, 27, 59, 52, 78, 49]
[42, 20, 29, 58, 73, 52, 56, 96]
[40, 48, 83, 51, 42, 16, 73, 31]
[69, 55, 11, 74, 12, 93, 53, 29]
[55, 36, 32, 99, 55, 18, 52, 78]
[18, 56, 81, 100, 62, 78, 99, 100]
[79, 73, 41, 22, 33, 75, 38, 27]
[94, 75, 41, 32, 65, 38, 57, 59]
[31, 89, 73, 14, 20, 96, 12, 76]
[81, 25, 66, 55, 76, 33, 85, 26]
[26, 61, 98, 63, 49, 69, 98, 82]
[28, 55, 39, 30, 34, 63, 60, 41]
[21, 32, 74, 31, 55, 92, 76, 14]
[60, 73, 24, 78, 42, 98, 52, 70]
[19, 83, 75, 54, 51, 83, 98, 60]
[35, 32, 55, 50, 21, 84, 28, 60]
[16, 88, 57, 11, 65, 68, 48, 12]
]
需要区間:
[
[[0, 2], [3, 6], [7, 9], [10, 11], [12, 13], [14, 15], [16, 17], [18, 20]]
[[0, 2], [3, 4], [5, 7], [8, 11], [12, 13], [14, 15], [16, 17], [18, 20]]
[[0, 4], [5, 7], [8, 9], [10, 11], [12, 13], [14, 15], [16, 17], [18, 20]]
[[0, 1], [2, 7], [8, 9], [10, 11], [12, 13], [14, 15], [16, 17], [18, 20]]
[[0, 3], [4, 6], [7, 8], [9, 10], [11, 12], [13, 14], [15, 16], [17, 20]]
[[0, 5], [6, 7], [8, 9], [10, 11], [12, 13], [14, 15], [16, 17], [18, 20]]
[[0, 5], [6, 7], [8, 9], [10, 11], [12, 13], [14, 15], [16, 17], [18, 20]]
[[0, 5], [6, 7], [8, 9], [10, 11], [12, 13], [14, 15], [16, 17], [18, 20]]
[[0, 2], [3, 5], [6, 9], [10, 11], [12, 13], [14, 15], [16, 17], [18, 20]]
[[0, 2], [3, 4], [5, 9], [10, 11], [12, 13], [14, 15], [16, 17], [18, 20]]
[[0, 4], [5, 6], [7, 8], [9, 10], [11, 13], [14, 15], [16, 17], [18, 20]]
[[0, 4], [5, 6], [7, 9], [10, 11], [12, 13], [14, 15], [16, 17], [18, 20]]
[[0, 3], [4, 5], [6, 7], [8, 9], [10, 13], [14, 15], [16, 17], [18, 20]]
[[0, 4], [5, 7], [8, 9], [10, 11], [12, 13], [14, 15], [16, 17], [18, 20]]
[[0, 1], [2, 5], [6, 7], [8, 9], [10, 12], [13, 14], [15, 16], [17, 20]]
[[0, 2], [3, 6], [7, 8], [9, 11], [12, 13], [14, 15], [16, 17], [18, 20]]
[[0, 5], [6, 7], [8, 9], [10, 11], [12, 13], [14, 15], [16, 17], [18, 20]]
[[0, 4], [5, 7], [8, 9], [10, 11], [12, 13], [14, 15], [16, 17], [18, 20]]
[[0, 2], [3, 5], [6, 7], [8, 11], [12, 13], [14, 15], [16, 17], [18, 20]]
[[0, 4], [5, 7], [8, 9], [10, 11], [12, 13], [14, 15], [16, 17], [18, 20]]
[[0, 1], [2, 5], [6, 7], [8, 9], [10, 12], [13, 15], [16, 17], [18, 20]]
[[0, 5], [6, 7], [8, 9], [10, 11], [12, 13], [14, 15], [16, 17], [18, 20]]
[[0, 3], [4, 7], [8, 9], [10, 11], [12, 13], [14, 15], [16, 17], [18, 20]]
[[0, 2], [3, 6], [7, 9], [10, 11], [12, 13], [14, 15], [16, 17], [18, 20]]
[[0, 4], [5, 7], [8, 9], [10, 11], [12, 13], [14, 15], [16, 17], [18, 20]]
[[0, 2], [3, 5], [6, 9], [10, 11], [12, 13], [14, 15], [16, 17], [18, 20]]
[[0, 3], [4, 5], [6, 9], [10, 11], [12, 13], [14, 15], [16, 17], [18, 20]]
[[0, 5], [6, 7], [8, 9], [10, 11], [12, 13], [14, 15], [16, 17], [18, 20]]
[[0, 4], [5, 7], [8, 9], [10, 11], [12, 13], [14, 15], [16, 17], [18, 20]]
[[0, 3], [4, 5], [6, 8], [9, 10], [11, 13], [14, 15], [16, 17], [18, 20]]
[[0, 1], [2, 5], [6, 7], [8, 9], [10, 12], [13, 15], [16, 17], [18, 20]]
[[0, 4], [5, 7], [8, 9], [10, 11], [12, 13], [14, 15], [16, 17], [18, 20]]
[[0, 2], [3, 4], [5, 6], [7, 11], [12, 13], [14, 15], [16, 17], [18, 20]]
[[0, 5], [6, 7], [8, 9], [10, 11], [12, 13], [14, 15], [16, 17], [18, 20]]
[[0, 2], [3, 4], [5, 6], [7, 11], [12, 13], [14, 15], [16, 17], [18, 20]]
[[0, 1], [2, 6], [7, 9], [10, 11], [12, 13], [14, 15], [16, 17], [18, 20]]
[[0, 4], [5, 7], [8, 9], [10, 11], [12, 13], [14, 15], [16, 17], [18, 20]]
[[0, 3], [4, 5], [6, 7], [8, 11], [12, 13], [14, 15], [16, 17], [18, 20]]
[[0, 1], [2, 7], [8, 9], [10, 11], [12, 13], [14, 15], [16, 17], [18, 20]]
[[0, 1], [2, 6], [7, 9], [10, 11], [12, 13], [14, 15], [16, 17], [18, 20]]
[[0, 4], [5, 7], [8, 9], [10, 11], [12, 13], [14, 15], [16, 17], [18, 20]]
[[0, 2], [3, 6], [7, 9], [10, 11], [12, 13], [14, 15], [16, 17], [18, 20]]
[[0, 4], [5, 7], [8, 9], [10, 11], [12, 13], [14, 15], [16, 17], [18, 20]]
[[0, 2], [3, 7], [8, 9], [10, 11], [12, 13], [14, 15], [16, 17], [18, 20]]
[[0, 1], [2, 3], [4, 5], [6, 11], [12, 13], [14, 15], [16, 17], [18, 20]]
[[0, 1], [2, 5], [6, 9], [10, 11], [12, 13], [14, 15], [16, 17], [18, 20]]
[[0, 2], [3, 6], [7, 9], [10, 11], [12, 13], [14, 15], [16, 17], [18, 20]]
[[0, 5], [6, 7], [8, 9], [10, 11], [12, 13], [14, 15], [16, 17], [18, 20]]
[[0, 4], [5, 7], [8, 9], [10, 11], [12, 13], [14, 15], [16, 17], [18, 20]]
[[0, 2], [3, 7], [8, 9], [10, 11], [12, 13], [14, 15], [16, 17], [18, 20]]
]
Max value: 2000
====================
入札者数: 50
財の個数: 20
傾き:
[
[68, 23, 54, 81, 24, 77, 25, 72, 76, 75]
[71, 60, 44, 56, 20, 88, 95, 69, 86, 42]
[95, 10, 94, 82, 96, 74, 71, 53, 62, 69]
[95, 11, 82, 84, 12, 51, 19, 13, 73, 82]
[96, 66, 54, 72, 68, 84, 49, 80, 21, 68]
[97, 54, 37, 52, 95, 41, 67, 51, 41, 63]
[25, 18, 98, 66, 72, 82, 40, 21, 80, 66]
[14, 98, 81, 30, 67, 10, 48, 52, 15, 18]
[93, 38, 40, 20, 90, 81, 94, 34, 20, 97]
[28, 95, 32, 35, 41, 61, 44, 61, 13, 79]
[100, 46, 77, 78, 21, 44, 77, 77, 15, 14]
[53, 74, 42, 86, 35, 39, 10, 43, 21, 26]
[78, 60, 31, 47, 38, 54, 44, 33, 79, 85]
[24, 32, 39, 71, 90, 46, 82, 92, 47, 96]
[45, 64, 82, 34, 62, 20, 78, 51, 73, 36]
[96, 77, 99, 52, 78, 15, 23, 20, 24, 46]
[94, 18, 17, 72, 68, 12, 94, 21, 84, 94]
[94, 11, 90, 95, 56, 96, 49, 18, 60, 28]
[75, 74, 62, 57, 40, 21, 61, 95, 33, 33]
[84, 23, 49, 16, 17, 30, 86, 91, 10, 10]
[93, 46, 66, 63, 96, 82, 28, 17, 93, 94]
[87, 26, 48, 23, 27, 74, 58, 43, 83, 61]
[50, 24, 59, 46, 73, 40, 85, 76, 40, 88]
[32, 35, 54, 64, 74, 79, 76, 26, 43, 85]
[47, 53, 12, 14, 84, 15, 46, 42, 26, 52]
[58, 72, 98, 47, 69, 77, 64, 51, 52, 45]
[55, 41, 81, 79, 34, 73, 99, 69, 27, 13]
[80, 92, 58, 13, 44, 26, 23, 64, 17, 39]
[44, 13, 69, 74, 35, 12, 54, 14, 86, 65]
[91, 64, 62, 78, 64, 57, 65, 31, 93, 91]
[70, 94, 87, 66, 50, 95, 47, 68, 31, 78]
[100, 67, 23, 56, 51, 53, 89, 11, 92, 59]
[47, 18, 13, 55, 56, 99, 86, 12, 33, 57]
[39, 99, 19, 93, 93, 45, 35, 18, 15, 81]
[20, 76, 29, 74, 77, 97, 52, 51, 85, 22]
[10, 45, 26, 89, 86, 59, 43, 57, 86, 84]
[40, 59, 100, 10, 77, 56, 56, 76, 34, 48]
[47, 29, 88, 89, 74, 98, 78, 29, 88, 58]
[68, 35, 58, 31, 44, 63, 18, 17, 55, 42]
[43, 33, 38, 49, 75, 33, 43, 29, 15, 35]
[41, 85, 93, 23, 29, 13, 93, 12, 53, 16]
[84, 86, 16, 27, 79, 51, 67, 44, 35, 25]
[81, 37, 10, 22, 68, 31, 65, 90, 68, 35]
[45, 91, 88, 62, 88, 59, 97, 26, 100, 22]
[98, 76, 16, 25, 39, 91, 60, 58, 52, 79]
[17, 14, 86, 64, 94, 41, 55, 14, 24, 60]
[38, 42, 32, 76, 73, 29, 14, 37, 52, 82]
[100, 65, 14, 83, 41, 10, 85, 53, 24, 88]
[100, 28, 27, 87, 47, 91, 19, 90, 19, 79]
[59, 41, 74, 91, 53, 37, 61, 13, 88, 30]
]
需要区間:
[
[[0, 1], [2, 3], [4, 5], [6, 7], [8, 9], [10, 11], [12, 13], [14, 15], [16, 17], [18, 20]]
[[0, 1], [2, 3], [4, 5], [6, 7], [8, 9], [10, 11], [12, 13], [14, 15], [16, 17], [18, 20]]
[[0, 1], [2, 3], [4, 5], [6, 7], [8, 9], [10, 11], [12, 13], [14, 15], [16, 17], [18, 20]]
[[0, 1], [2, 3], [4, 5], [6, 7], [8, 9], [10, 11], [12, 13], [14, 15], [16, 17], [18, 20]]
[[0, 1], [2, 3], [4, 5], [6, 7], [8, 9], [10, 11], [12, 13], [14, 15], [16, 17], [18, 20]]
[[0, 1], [2, 3], [4, 5], [6, 7], [8, 9], [10, 11], [12, 13], [14, 15], [16, 17], [18, 20]]
[[0, 1], [2, 3], [4, 5], [6, 7], [8, 9], [10, 11], [12, 13], [14, 15], [16, 17], [18, 20]]
[[0, 1], [2, 3], [4, 5], [6, 7], [8, 9], [10, 11], [12, 13], [14, 15], [16, 17], [18, 20]]
[[0, 1], [2, 3], [4, 5], [6, 7], [8, 9], [10, 11], [12, 13], [14, 15], [16, 17], [18, 20]]
[[0, 1], [2, 3], [4, 5], [6, 7], [8, 9], [10, 11], [12, 13], [14, 15], [16, 17], [18, 20]]
[[0, 1], [2, 3], [4, 5], [6, 7], [8, 9], [10, 11], [12, 13], [14, 15], [16, 17], [18, 20]]
[[0, 1], [2, 3], [4, 5], [6, 7], [8, 9], [10, 11], [12, 13], [14, 15], [16, 17], [18, 20]]
[[0, 1], [2, 3], [4, 5], [6, 7], [8, 9], [10, 11], [12, 13], [14, 15], [16, 17], [18, 20]]
[[0, 1], [2, 3], [4, 5], [6, 7], [8, 9], [10, 11], [12, 13], [14, 15], [16, 17], [18, 20]]
[[0, 1], [2, 3], [4, 5], [6, 7], [8, 9], [10, 11], [12, 13], [14, 15], [16, 17], [18, 20]]
[[0, 1], [2, 3], [4, 5], [6, 7], [8, 9], [10, 11], [12, 13], [14, 15], [16, 17], [18, 20]]
[[0, 1], [2, 3], [4, 5], [6, 7], [8, 9], [10, 11], [12, 13], [14, 15], [16, 17], [18, 20]]
[[0, 1], [2, 3], [4, 5], [6, 7], [8, 9], [10, 11], [12, 13], [14, 15], [16, 17], [18, 20]]
[[0, 1], [2, 3], [4, 5], [6, 7], [8, 9], [10, 11], [12, 13], [14, 15], [16, 17], [18, 20]]
[[0, 1], [2, 3], [4, 5], [6, 7], [8, 9], [10, 11], [12, 13], [14, 15], [16, 17], [18, 20]]
[[0, 1], [2, 3], [4, 5], [6, 7], [8, 9], [10, 11], [12, 13], [14, 15], [16, 17], [18, 20]]
[[0, 1], [2, 3], [4, 5], [6, 7], [8, 9], [10, 11], [12, 13], [14, 15], [16, 17], [18, 20]]
[[0, 1], [2, 3], [4, 5], [6, 7], [8, 9], [10, 11], [12, 13], [14, 15], [16, 17], [18, 20]]
[[0, 1], [2, 3], [4, 5], [6, 7], [8, 9], [10, 11], [12, 13], [14, 15], [16, 17], [18, 20]]
[[0, 1], [2, 3], [4, 5], [6, 7], [8, 9], [10, 11], [12, 13], [14, 15], [16, 17], [18, 20]]
[[0, 1], [2, 3], [4, 5], [6, 7], [8, 9], [10, 11], [12, 13], [14, 15], [16, 17], [18, 20]]
[[0, 1], [2, 3], [4, 5], [6, 7], [8, 9], [10, 11], [12, 13], [14, 15], [16, 17], [18, 20]]
[[0, 1], [2, 3], [4, 5], [6, 7], [8, 9], [10, 11], [12, 13], [14, 15], [16, 17], [18, 20]]
[[0, 1], [2, 3], [4, 5], [6, 7], [8, 9], [10, 11], [12, 13], [14, 15], [16, 17], [18, 20]]
[[0, 1], [2, 3], [4, 5], [6, 7], [8, 9], [10, 11], [12, 13], [14, 15], [16, 17], [18, 20]]
[[0, 1], [2, 3], [4, 5], [6, 7], [8, 9], [10, 11], [12, 13], [14, 15], [16, 17], [18, 20]]
[[0, 1], [2, 3], [4, 5], [6, 7], [8, 9], [10, 11], [12, 13], [14, 15], [16, 17], [18, 20]]
[[0, 1], [2, 3], [4, 5], [6, 7], [8, 9], [10, 11], [12, 13], [14, 15], [16, 17], [18, 20]]
[[0, 1], [2, 3], [4, 5], [6, 7], [8, 9], [10, 11], [12, 13], [14, 15], [16, 17], [18, 20]]
[[0, 1], [2, 3], [4, 5], [6, 7], [8, 9], [10, 11], [12, 13], [14, 15], [16, 17], [18, 20]]
[[0, 1], [2, 3], [4, 5], [6, 7], [8, 9], [10, 11], [12, 13], [14, 15], [16, 17], [18, 20]]
[[0, 1], [2, 3], [4, 5], [6, 7], [8, 9], [10, 11], [12, 13], [14, 15], [16, 17], [18, 20]]
[[0, 1], [2, 3], [4, 5], [6, 7], [8, 9], [10, 11], [12, 13], [14, 15], [16, 17], [18, 20]]
[[0, 1], [2, 3], [4, 5], [6, 7], [8, 9], [10, 11], [12, 13], [14, 15], [16, 17], [18, 20]]
[[0, 1], [2, 3], [4, 5], [6, 7], [8, 9], [10, 11], [12, 13], [14, 15], [16, 17], [18, 20]]
[[0, 1], [2, 3], [4, 5], [6, 7], [8, 9], [10, 11], [12, 13], [14, 15], [16, 17], [18, 20]]
[[0, 1], [2, 3], [4, 5], [6, 7], [8, 9], [10, 11], [12, 13], [14, 15], [16, 17], [18, 20]]
[[0, 1], [2, 3], [4, 5], [6, 7], [8, 9], [10, 11], [12, 13], [14, 15], [16, 17], [18, 20]]
[[0, 1], [2, 3], [4, 5], [6, 7], [8, 9], [10, 11], [12, 13], [14, 15], [16, 17], [18, 20]]
[[0, 1], [2, 3], [4, 5], [6, 7], [8, 9], [10, 11], [12, 13], [14, 15], [16, 17], [18, 20]]
[[0, 1], [2, 3], [4, 5], [6, 7], [8, 9], [10, 11], [12, 13], [14, 15], [16, 17], [18, 20]]
[[0, 1], [2, 3], [4, 5], [6, 7], [8, 9], [10, 11], [12, 13], [14, 15], [16, 17], [18, 20]]
[[0, 1], [2, 3], [4, 5], [6, 7], [8, 9], [10, 11], [12, 13], [14, 15], [16, 17], [18, 20]]
[[0, 1], [2, 3], [4, 5], [6, 7], [8, 9], [10, 11], [12, 13], [14, 15], [16, 17], [18, 20]]
[[0, 1], [2, 3], [4, 5], [6, 7], [8, 9], [10, 11], [12, 13], [14, 15], [16, 17], [18, 20]]
]
Max value: 2000
====================
入札者数: 50
財の個数: 20
傾き:
[
[49, 79, 61, 11, 13, 88, 68, 90, 36, 49]
[33, 61, 98, 67, 95, 93, 32, 80, 43, 75]
[71, 67, 16, 60, 41, 88, 32, 75, 42, 13]
[33, 47, 47, 42, 27, 76, 65, 23, 17, 66]
[78, 85, 33, 94, 35, 73, 18, 47, 63, 48]
[73, 61, 10, 17, 14, 54, 55, 44, 72, 38]
[85, 52, 20, 34, 97, 40, 49, 79, 39, 34]
[36, 12, 100, 50, 63, 63, 23, 46, 42, 83]
[16, 10, 17, 12, 20, 50, 22, 60, 10, 82]
[26, 26, 87, 48, 60, 28, 24, 27, 51, 50]
[94, 33, 41, 32, 59, 56, 61, 77, 63, 84]
[12, 44, 38, 45, 74, 39, 48, 66, 26, 76]
[64, 10, 65, 28, 60, 92, 80, 92, 20, 60]
[68, 38, 96, 85, 72, 42, 24, 65, 31, 81]
[75, 67, 27, 10, 14, 64, 45, 70, 89, 10]
[60, 43, 34, 29, 13, 56, 28, 81, 43, 27]
[97, 26, 19, 12, 41, 83, 54, 81, 51, 67]
[69, 22, 43, 79, 33, 49, 100, 93, 24, 40]
[23, 24, 19, 76, 75, 21, 78, 92, 75, 81]
[10, 72, 58, 70, 43, 82, 73, 22, 13, 14]
[37, 92, 41, 17, 27, 39, 66, 75, 59, 30]
[60, 50, 78, 95, 45, 71, 60, 100, 53, 26]
[54, 20, 49, 21, 68, 48, 59, 70, 49, 25]
[28, 98, 50, 10, 75, 94, 34, 26, 49, 63]
[46, 79, 44, 21, 79, 27, 20, 18, 18, 47]
[36, 33, 70, 58, 21, 60, 52, 26, 98, 41]
[67, 83, 89, 13, 57, 97, 54, 95, 89, 52]
[55, 33, 97, 56, 77, 52, 67, 79, 96, 33]
[19, 57, 54, 27, 46, 52, 44, 92, 61, 41]
[23, 81, 64, 37, 51, 49, 86, 16, 90, 41]
[88, 47, 50, 45, 34, 74, 16, 15, 28, 74]
[88, 74, 53, 98, 51, 94, 48, 98, 43, 23]
[34, 93, 24, 84, 69, 91, 83, 25, 90, 20]
[49, 80, 21, 100, 12, 100, 31, 76, 79, 48]
[28, 55, 47, 10, 67, 45, 92, 66, 78, 41]
[99, 81, 55, 38, 31, 85, 24, 91, 42, 34]
[17, 45, 60, 70, 65, 52, 60, 57, 22, 83]
[93, 94, 42, 21, 63, 87, 23, 58, 77, 27]
[55, 79, 71, 18, 75, 80, 25, 62, 56, 89]
[39, 26, 82, 42, 94, 23, 68, 87, 74, 21]
[30, 66, 66, 93, 48, 98, 82, 95, 24, 85]
[68, 79, 23, 71, 45, 83, 47, 70, 18, 15]
[79, 29, 92, 21, 83, 71, 81, 19, 81, 70]
[51, 71, 67, 25, 25, 30, 85, 37, 27, 78]
[78, 22, 80, 100, 41, 64, 48, 43, 61, 60]
[88, 32, 46, 91, 60, 72, 89, 84, 34, 84]
[84, 25, 42, 38, 21, 74, 67, 43, 80, 94]
[86, 64, 29, 23, 88, 97, 31, 88, 86, 23]
[68, 34, 74, 68, 89, 34, 99, 27, 52, 99]
[51, 36, 50, 60, 26, 87, 39, 37, 18, 82]
]
需要区間:
[
[[0, 1], [2, 3], [4, 5], [6, 7], [8, 9], [10, 11], [12, 13], [14, 15], [16, 17], [18, 20]]
[[0, 1], [2, 3], [4, 5], [6, 7], [8, 9], [10, 11], [12, 13], [14, 15], [16, 17], [18, 20]]
[[0, 1], [2, 3], [4, 5], [6, 7], [8, 9], [10, 11], [12, 13], [14, 15], [16, 17], [18, 20]]
[[0, 1], [2, 3], [4, 5], [6, 7], [8, 9], [10, 11], [12, 13], [14, 15], [16, 17], [18, 20]]
[[0, 1], [2, 3], [4, 5], [6, 7], [8, 9], [10, 11], [12, 13], [14, 15], [16, 17], [18, 20]]
[[0, 1], [2, 3], [4, 5], [6, 7], [8, 9], [10, 11], [12, 13], [14, 15], [16, 17], [18, 20]]
[[0, 1], [2, 3], [4, 5], [6, 7], [8, 9], [10, 11], [12, 13], [14, 15], [16, 17], [18, 20]]
[[0, 1], [2, 3], [4, 5], [6, 7], [8, 9], [10, 11], [12, 13], [14, 15], [16, 17], [18, 20]]
[[0, 1], [2, 3], [4, 5], [6, 7], [8, 9], [10, 11], [12, 13], [14, 15], [16, 17], [18, 20]]
[[0, 1], [2, 3], [4, 5], [6, 7], [8, 9], [10, 11], [12, 13], [14, 15], [16, 17], [18, 20]]
[[0, 1], [2, 3], [4, 5], [6, 7], [8, 9], [10, 11], [12, 13], [14, 15], [16, 17], [18, 20]]
[[0, 1], [2, 3], [4, 5], [6, 7], [8, 9], [10, 11], [12, 13], [14, 15], [16, 17], [18, 20]]
[[0, 1], [2, 3], [4, 5], [6, 7], [8, 9], [10, 11], [12, 13], [14, 15], [16, 17], [18, 20]]
[[0, 1], [2, 3], [4, 5], [6, 7], [8, 9], [10, 11], [12, 13], [14, 15], [16, 17], [18, 20]]
[[0, 1], [2, 3], [4, 5], [6, 7], [8, 9], [10, 11], [12, 13], [14, 15], [16, 17], [18, 20]]
[[0, 1], [2, 3], [4, 5], [6, 7], [8, 9], [10, 11], [12, 13], [14, 15], [16, 17], [18, 20]]
[[0, 1], [2, 3], [4, 5], [6, 7], [8, 9], [10, 11], [12, 13], [14, 15], [16, 17], [18, 20]]
[[0, 1], [2, 3], [4, 5], [6, 7], [8, 9], [10, 11], [12, 13], [14, 15], [16, 17], [18, 20]]
[[0, 1], [2, 3], [4, 5], [6, 7], [8, 9], [10, 11], [12, 13], [14, 15], [16, 17], [18, 20]]
[[0, 1], [2, 3], [4, 5], [6, 7], [8, 9], [10, 11], [12, 13], [14, 15], [16, 17], [18, 20]]
[[0, 1], [2, 3], [4, 5], [6, 7], [8, 9], [10, 11], [12, 13], [14, 15], [16, 17], [18, 20]]
[[0, 1], [2, 3], [4, 5], [6, 7], [8, 9], [10, 11], [12, 13], [14, 15], [16, 17], [18, 20]]
[[0, 1], [2, 3], [4, 5], [6, 7], [8, 9], [10, 11], [12, 13], [14, 15], [16, 17], [18, 20]]
[[0, 1], [2, 3], [4, 5], [6, 7], [8, 9], [10, 11], [12, 13], [14, 15], [16, 17], [18, 20]]
[[0, 1], [2, 3], [4, 5], [6, 7], [8, 9], [10, 11], [12, 13], [14, 15], [16, 17], [18, 20]]
[[0, 1], [2, 3], [4, 5], [6, 7], [8, 9], [10, 11], [12, 13], [14, 15], [16, 17], [18, 20]]
[[0, 1], [2, 3], [4, 5], [6, 7], [8, 9], [10, 11], [12, 13], [14, 15], [16, 17], [18, 20]]
[[0, 1], [2, 3], [4, 5], [6, 7], [8, 9], [10, 11], [12, 13], [14, 15], [16, 17], [18, 20]]
[[0, 1], [2, 3], [4, 5], [6, 7], [8, 9], [10, 11], [12, 13], [14, 15], [16, 17], [18, 20]]
[[0, 1], [2, 3], [4, 5], [6, 7], [8, 9], [10, 11], [12, 13], [14, 15], [16, 17], [18, 20]]
[[0, 1], [2, 3], [4, 5], [6, 7], [8, 9], [10, 11], [12, 13], [14, 15], [16, 17], [18, 20]]
[[0, 1], [2, 3], [4, 5], [6, 7], [8, 9], [10, 11], [12, 13], [14, 15], [16, 17], [18, 20]]
[[0, 1], [2, 3], [4, 5], [6, 7], [8, 9], [10, 11], [12, 13], [14, 15], [16, 17], [18, 20]]
[[0, 1], [2, 3], [4, 5], [6, 7], [8, 9], [10, 11], [12, 13], [14, 15], [16, 17], [18, 20]]
[[0, 1], [2, 3], [4, 5], [6, 7], [8, 9], [10, 11], [12, 13], [14, 15], [16, 17], [18, 20]]
[[0, 1], [2, 3], [4, 5], [6, 7], [8, 9], [10, 11], [12, 13], [14, 15], [16, 17], [18, 20]]
[[0, 1], [2, 3], [4, 5], [6, 7], [8, 9], [10, 11], [12, 13], [14, 15], [16, 17], [18, 20]]
[[0, 1], [2, 3], [4, 5], [6, 7], [8, 9], [10, 11], [12, 13], [14, 15], [16, 17], [18, 20]]
[[0, 1], [2, 3], [4, 5], [6, 7], [8, 9], [10, 11], [12, 13], [14, 15], [16, 17], [18, 20]]
[[0, 1], [2, 3], [4, 5], [6, 7], [8, 9], [10, 11], [12, 13], [14, 15], [16, 17], [18, 20]]
[[0, 1], [2, 3], [4, 5], [6, 7], [8, 9], [10, 11], [12, 13], [14, 15], [16, 17], [18, 20]]
[[0, 1], [2, 3], [4, 5], [6, 7], [8, 9], [10, 11], [12, 13], [14, 15], [16, 17], [18, 20]]
[[0, 1], [2, 3], [4, 5], [6, 7], [8, 9], [10, 11], [12, 13], [14, 15], [16, 17], [18, 20]]
[[0, 1], [2, 3], [4, 5], [6, 7], [8, 9], [10, 11], [12, 13], [14, 15], [16, 17], [18, 20]]
[[0, 1], [2, 3], [4, 5], [6, 7], [8, 9], [10, 11], [12, 13], [14, 15], [16, 17], [18, 20]]
[[0, 1], [2, 3], [4, 5], [6, 7], [8, 9], [10, 11], [12, 13], [14, 15], [16, 17], [18, 20]]
[[0, 1], [2, 3], [4, 5], [6, 7], [8, 9], [10, 11], [12, 13], [14, 15], [16, 17], [18, 20]]
[[0, 1], [2, 3], [4, 5], [6, 7], [8, 9], [10, 11], [12, 13], [14, 15], [16, 17], [18, 20]]
[[0, 1], [2, 3], [4, 5], [6, 7], [8, 9], [10, 11], [12, 13], [14, 15], [16, 17], [18, 20]]
[[0, 1], [2, 3], [4, 5], [6, 7], [8, 9], [10, 11], [12, 13], [14, 15], [16, 17], [18, 20]]
]
Max value: 2000
====================
入札者数: 50
財の個数: 20
傾き:
[
[90, 10, 88, 42, 94, 11, 26, 84, 84, 43]
[82, 42, 52, 58, 61, 25, 10, 68, 42, 62]
[39, 56, 72, 91, 67, 34, 96, 21, 10, 57]
[84, 41, 32, 24, 60, 67, 93, 20, 26, 36]
[64, 45, 39, 44, 74, 88, 48, 29, 28, 86]
[76, 38, 49, 34, 61, 95, 16, 63, 81, 86]
[51, 10, 40, 73, 19, 49, 11, 67, 15, 54]
[67, 72, 45, 88, 13, 46, 30, 92, 97, 68]
[69, 32, 29, 23, 19, 42, 62, 58, 35, 65]
[67, 65, 23, 46, 13, 26, 37, 23, 52, 53]
[38, 89, 73, 51, 34, 44, 36, 24, 35, 92]
[23, 70, 43, 65, 17, 40, 78, 15, 46, 40]
[58, 81, 87, 79, 98, 39, 58, 20, 21, 48]
[68, 26, 30, 53, 85, 72, 54, 33, 15, 62]
[66, 72, 71, 40, 83, 43, 85, 62, 22, 25]
[56, 52, 88, 87, 68, 95, 14, 73, 43, 82]
[79, 64, 56, 43, 28, 47, 15, 92, 75, 40]
[16, 85, 41, 32, 81, 24, 100, 64, 95, 50]
[61, 93, 80, 60, 58, 12, 16, 23, 88, 40]
[36, 25, 40, 95, 82, 56, 56, 64, 87, 28]
[52, 29, 76, 80, 78, 91, 14, 56, 75, 19]
[84, 14, 51, 98, 28, 14, 21, 39, 85, 96]
[45, 41, 42, 96, 100, 88, 87, 78, 40, 71]
[25, 84, 17, 87, 70, 12, 16, 44, 47, 16]
[27, 85, 10, 29, 37, 14, 90, 79, 19, 59]
[35, 35, 77, 71, 58, 95, 48, 84, 62, 83]
[12, 50, 57, 83, 88, 27, 65, 100, 85, 85]
[29, 68, 92, 74, 94, 57, 34, 55, 49, 39]
[71, 35, 31, 24, 77, 85, 17, 14, 51, 82]
[69, 71, 16, 39, 64, 74, 82, 90, 66, 52]
[91, 66, 19, 11, 74, 83, 90, 64, 25, 14]
[94, 11, 68, 72, 33, 51, 77, 24, 13, 87]
[74, 85, 46, 60, 20, 31, 48, 89, 34, 65]
[65, 64, 49, 57, 14, 22, 100, 93, 88, 17]
[51, 91, 74, 54, 35, 85, 96, 46, 100, 73]
[23, 50, 25, 74, 28, 52, 86, 63, 48, 13]
[96, 49, 38, 63, 48, 60, 73, 81, 30, 91]
[27, 79, 81, 43, 92, 70, 38, 73, 24, 26]
[49, 62, 35, 39, 51, 96, 45, 12, 42, 47]
[74, 90, 50, 70, 95, 81, 83, 31, 94, 32]
[86, 23, 49, 13, 25, 70, 64, 44, 82, 48]
[25, 73, 11, 61, 35, 52, 62, 93, 76, 99]
[77, 39, 28, 37, 51, 39, 14, 28, 64, 31]
[99, 23, 25, 15, 55, 72, 46, 98, 44, 44]
[71, 46, 10, 29, 66, 55, 70, 25, 92, 45]
[92, 35, 90, 59, 11, 93, 72, 49, 35, 29]
[12, 79, 34, 79, 76, 32, 88, 28, 70, 39]
[45, 12, 63, 27, 59, 63, 67, 88, 16, 76]
[95, 30, 18, 55, 67, 29, 20, 17, 31, 99]
[54, 63, 37, 88, 32, 94, 99, 22, 22, 79]
]
需要区間:
[
[[0, 1], [2, 3], [4, 5], [6, 7], [8, 9], [10, 11], [12, 13], [14, 15], [16, 17], [18, 20]]
[[0, 1], [2, 3], [4, 5], [6, 7], [8, 9], [10, 11], [12, 13], [14, 15], [16, 17], [18, 20]]
[[0, 1], [2, 3], [4, 5], [6, 7], [8, 9], [10, 11], [12, 13], [14, 15], [16, 17], [18, 20]]
[[0, 1], [2, 3], [4, 5], [6, 7], [8, 9], [10, 11], [12, 13], [14, 15], [16, 17], [18, 20]]
[[0, 1], [2, 3], [4, 5], [6, 7], [8, 9], [10, 11], [12, 13], [14, 15], [16, 17], [18, 20]]
[[0, 1], [2, 3], [4, 5], [6, 7], [8, 9], [10, 11], [12, 13], [14, 15], [16, 17], [18, 20]]
[[0, 1], [2, 3], [4, 5], [6, 7], [8, 9], [10, 11], [12, 13], [14, 15], [16, 17], [18, 20]]
[[0, 1], [2, 3], [4, 5], [6, 7], [8, 9], [10, 11], [12, 13], [14, 15], [16, 17], [18, 20]]
[[0, 1], [2, 3], [4, 5], [6, 7], [8, 9], [10, 11], [12, 13], [14, 15], [16, 17], [18, 20]]
[[0, 1], [2, 3], [4, 5], [6, 7], [8, 9], [10, 11], [12, 13], [14, 15], [16, 17], [18, 20]]
[[0, 1], [2, 3], [4, 5], [6, 7], [8, 9], [10, 11], [12, 13], [14, 15], [16, 17], [18, 20]]
[[0, 1], [2, 3], [4, 5], [6, 7], [8, 9], [10, 11], [12, 13], [14, 15], [16, 17], [18, 20]]
[[0, 1], [2, 3], [4, 5], [6, 7], [8, 9], [10, 11], [12, 13], [14, 15], [16, 17], [18, 20]]
[[0, 1], [2, 3], [4, 5], [6, 7], [8, 9], [10, 11], [12, 13], [14, 15], [16, 17], [18, 20]]
[[0, 1], [2, 3], [4, 5], [6, 7], [8, 9], [10, 11], [12, 13], [14, 15], [16, 17], [18, 20]]
[[0, 1], [2, 3], [4, 5], [6, 7], [8, 9], [10, 11], [12, 13], [14, 15], [16, 17], [18, 20]]
[[0, 1], [2, 3], [4, 5], [6, 7], [8, 9], [10, 11], [12, 13], [14, 15], [16, 17], [18, 20]]
[[0, 1], [2, 3], [4, 5], [6, 7], [8, 9], [10, 11], [12, 13], [14, 15], [16, 17], [18, 20]]
[[0, 1], [2, 3], [4, 5], [6, 7], [8, 9], [10, 11], [12, 13], [14, 15], [16, 17], [18, 20]]
[[0, 1], [2, 3], [4, 5], [6, 7], [8, 9], [10, 11], [12, 13], [14, 15], [16, 17], [18, 20]]
[[0, 1], [2, 3], [4, 5], [6, 7], [8, 9], [10, 11], [12, 13], [14, 15], [16, 17], [18, 20]]
[[0, 1], [2, 3], [4, 5], [6, 7], [8, 9], [10, 11], [12, 13], [14, 15], [16, 17], [18, 20]]
[[0, 1], [2, 3], [4, 5], [6, 7], [8, 9], [10, 11], [12, 13], [14, 15], [16, 17], [18, 20]]
[[0, 1], [2, 3], [4, 5], [6, 7], [8, 9], [10, 11], [12, 13], [14, 15], [16, 17], [18, 20]]
[[0, 1], [2, 3], [4, 5], [6, 7], [8, 9], [10, 11], [12, 13], [14, 15], [16, 17], [18, 20]]
[[0, 1], [2, 3], [4, 5], [6, 7], [8, 9], [10, 11], [12, 13], [14, 15], [16, 17], [18, 20]]
[[0, 1], [2, 3], [4, 5], [6, 7], [8, 9], [10, 11], [12, 13], [14, 15], [16, 17], [18, 20]]
[[0, 1], [2, 3], [4, 5], [6, 7], [8, 9], [10, 11], [12, 13], [14, 15], [16, 17], [18, 20]]
[[0, 1], [2, 3], [4, 5], [6, 7], [8, 9], [10, 11], [12, 13], [14, 15], [16, 17], [18, 20]]
[[0, 1], [2, 3], [4, 5], [6, 7], [8, 9], [10, 11], [12, 13], [14, 15], [16, 17], [18, 20]]
[[0, 1], [2, 3], [4, 5], [6, 7], [8, 9], [10, 11], [12, 13], [14, 15], [16, 17], [18, 20]]
[[0, 1], [2, 3], [4, 5], [6, 7], [8, 9], [10, 11], [12, 13], [14, 15], [16, 17], [18, 20]]
[[0, 1], [2, 3], [4, 5], [6, 7], [8, 9], [10, 11], [12, 13], [14, 15], [16, 17], [18, 20]]
[[0, 1], [2, 3], [4, 5], [6, 7], [8, 9], [10, 11], [12, 13], [14, 15], [16, 17], [18, 20]]
[[0, 1], [2, 3], [4, 5], [6, 7], [8, 9], [10, 11], [12, 13], [14, 15], [16, 17], [18, 20]]
[[0, 1], [2, 3], [4, 5], [6, 7], [8, 9], [10, 11], [12, 13], [14, 15], [16, 17], [18, 20]]
[[0, 1], [2, 3], [4, 5], [6, 7], [8, 9], [10, 11], [12, 13], [14, 15], [16, 17], [18, 20]]
[[0, 1], [2, 3], [4, 5], [6, 7], [8, 9], [10, 11], [12, 13], [14, 15], [16, 17], [18, 20]]
[[0, 1], [2, 3], [4, 5], [6, 7], [8, 9], [10, 11], [12, 13], [14, 15], [16, 17], [18, 20]]
[[0, 1], [2, 3], [4, 5], [6, 7], [8, 9], [10, 11], [12, 13], [14, 15], [16, 17], [18, 20]]
[[0, 1], [2, 3], [4, 5], [6, 7], [8, 9], [10, 11], [12, 13], [14, 15], [16, 17], [18, 20]]
[[0, 1], [2, 3], [4, 5], [6, 7], [8, 9], [10, 11], [12, 13], [14, 15], [16, 17], [18, 20]]
[[0, 1], [2, 3], [4, 5], [6, 7], [8, 9], [10, 11], [12, 13], [14, 15], [16, 17], [18, 20]]
[[0, 1], [2, 3], [4, 5], [6, 7], [8, 9], [10, 11], [12, 13], [14, 15], [16, 17], [18, 20]]
[[0, 1], [2, 3], [4, 5], [6, 7], [8, 9], [10, 11], [12, 13], [14, 15], [16, 17], [18, 20]]
[[0, 1], [2, 3], [4, 5], [6, 7], [8, 9], [10, 11], [12, 13], [14, 15], [16, 17], [18, 20]]
[[0, 1], [2, 3], [4, 5], [6, 7], [8, 9], [10, 11], [12, 13], [14, 15], [16, 17], [18, 20]]
[[0, 1], [2, 3], [4, 5], [6, 7], [8, 9], [10, 11], [12, 13], [14, 15], [16, 17], [18, 20]]
[[0, 1], [2, 3], [4, 5], [6, 7], [8, 9], [10, 11], [12, 13], [14, 15], [16, 17], [18, 20]]
[[0, 1], [2, 3], [4, 5], [6, 7], [8, 9], [10, 11], [12, 13], [14, 15], [16, 17], [18, 20]]
]
Max value: 2000
====================
入札者数: 50
財の個数: 20
傾き:
[
[79, 17, 49, 18, 71, 36, 17, 37, 99, 29]
[34, 57, 42, 63, 51, 39, 82, 70, 60, 86]
[47, 94, 20, 96, 29, 73, 21, 49, 29, 89]
[85, 100, 20, 19, 18, 25, 88, 92, 19, 91]
[71, 90, 88, 82, 10, 33, 44, 58, 89, 41]
[62, 91, 34, 87, 11, 31, 71, 67, 85, 86]
[67, 82, 94, 50, 14, 40, 48, 99, 20, 18]
[65, 72, 87, 13, 82, 81, 84, 20, 60, 47]
[60, 71, 13, 38, 23, 68, 58, 43, 68, 97]
[97, 42, 99, 68, 56, 49, 63, 34, 19, 78]
[38, 81, 28, 64, 66, 74, 23, 95, 70, 70]
[19, 63, 47, 94, 27, 93, 77, 33, 14, 96]
[62, 35, 10, 45, 34, 28, 84, 52, 83, 60]
[68, 48, 75, 18, 61, 56, 91, 30, 36, 96]
[60, 38, 34, 97, 71, 39, 41, 71, 11, 61]
[97, 22, 81, 85, 83, 61, 74, 17, 13, 12]
[62, 74, 54, 82, 10, 89, 55, 89, 87, 23]
[25, 23, 96, 64, 14, 94, 32, 86, 60, 29]
[63, 62, 21, 16, 32, 72, 20, 28, 62, 42]
[51, 75, 89, 99, 90, 76, 67, 94, 89, 49]
[22, 54, 57, 38, 35, 61, 34, 63, 99, 25]
[86, 16, 93, 83, 85, 81, 59, 83, 18, 91]
[77, 80, 21, 21, 91, 76, 14, 19, 26, 28]
[61, 12, 60, 53, 94, 44, 70, 49, 23, 50]
[14, 20, 33, 37, 84, 57, 48, 24, 37, 17]
[36, 48, 50, 40, 69, 18, 27, 80, 70, 21]
[58, 24, 63, 56, 90, 59, 40, 62, 22, 100]
[86, 44, 98, 47, 49, 77, 10, 65, 17, 61]
[59, 40, 20, 91, 62, 78, 20, 27, 12, 26]
[12, 82, 73, 51, 70, 34, 80, 62, 85, 98]
[41, 92, 20, 28, 56, 76, 65, 32, 87, 41]
[65, 42, 68, 49, 78, 75, 58, 48, 53, 89]
[55, 97, 39, 68, 28, 39, 53, 27, 57, 43]
[40, 31, 41, 34, 14, 33, 63, 41, 42, 25]
[73, 48, 96, 74, 18, 10, 46, 78, 34, 29]
[76, 84, 93, 44, 95, 23, 11, 81, 38, 67]
[74, 52, 58, 22, 40, 30, 70, 49, 93, 88]
[42, 38, 82, 51, 29, 28, 45, 18, 12, 87]
[69, 17, 36, 98, 62, 46, 82, 10, 12, 31]
[61, 91, 26, 83, 25, 74, 55, 57, 23, 19]
[79, 90, 65, 18, 100, 70, 21, 13, 16, 33]
[48, 49, 24, 67, 45, 54, 64, 38, 77, 18]
[50, 29, 57, 89, 74, 100, 26, 55, 62, 85]
[10, 36, 33, 18, 89, 16, 95, 15, 40, 42]
[53, 20, 75, 94, 46, 11, 37, 86, 16, 39]
[91, 13, 27, 37, 81, 47, 82, 51, 37, 93]
[46, 76, 44, 22, 17, 19, 46, 37, 70, 54]
[53, 72, 63, 77, 37, 24, 84, 75, 75, 15]
[83, 93, 41, 31, 95, 51, 70, 48, 51, 94]
[40, 13, 93, 14, 88, 60, 56, 53, 20, 69]
]
需要区間:
[
[[0, 1], [2, 3], [4, 5], [6, 7], [8, 9], [10, 11], [12, 13], [14, 15], [16, 17], [18, 20]]
[[0, 1], [2, 3], [4, 5], [6, 7], [8, 9], [10, 11], [12, 13], [14, 15], [16, 17], [18, 20]]
[[0, 1], [2, 3], [4, 5], [6, 7], [8, 9], [10, 11], [12, 13], [14, 15], [16, 17], [18, 20]]
[[0, 1], [2, 3], [4, 5], [6, 7], [8, 9], [10, 11], [12, 13], [14, 15], [16, 17], [18, 20]]
[[0, 1], [2, 3], [4, 5], [6, 7], [8, 9], [10, 11], [12, 13], [14, 15], [16, 17], [18, 20]]
[[0, 1], [2, 3], [4, 5], [6, 7], [8, 9], [10, 11], [12, 13], [14, 15], [16, 17], [18, 20]]
[[0, 1], [2, 3], [4, 5], [6, 7], [8, 9], [10, 11], [12, 13], [14, 15], [16, 17], [18, 20]]
[[0, 1], [2, 3], [4, 5], [6, 7], [8, 9], [10, 11], [12, 13], [14, 15], [16, 17], [18, 20]]
[[0, 1], [2, 3], [4, 5], [6, 7], [8, 9], [10, 11], [12, 13], [14, 15], [16, 17], [18, 20]]
[[0, 1], [2, 3], [4, 5], [6, 7], [8, 9], [10, 11], [12, 13], [14, 15], [16, 17], [18, 20]]
[[0, 1], [2, 3], [4, 5], [6, 7], [8, 9], [10, 11], [12, 13], [14, 15], [16, 17], [18, 20]]
[[0, 1], [2, 3], [4, 5], [6, 7], [8, 9], [10, 11], [12, 13], [14, 15], [16, 17], [18, 20]]
[[0, 1], [2, 3], [4, 5], [6, 7], [8, 9], [10, 11], [12, 13], [14, 15], [16, 17], [18, 20]]
[[0, 1], [2, 3], [4, 5], [6, 7], [8, 9], [10, 11], [12, 13], [14, 15], [16, 17], [18, 20]]
[[0, 1], [2, 3], [4, 5], [6, 7], [8, 9], [10, 11], [12, 13], [14, 15], [16, 17], [18, 20]]
[[0, 1], [2, 3], [4, 5], [6, 7], [8, 9], [10, 11], [12, 13], [14, 15], [16, 17], [18, 20]]
[[0, 1], [2, 3], [4, 5], [6, 7], [8, 9], [10, 11], [12, 13], [14, 15], [16, 17], [18, 20]]
[[0, 1], [2, 3], [4, 5], [6, 7], [8, 9], [10, 11], [12, 13], [14, 15], [16, 17], [18, 20]]
[[0, 1], [2, 3], [4, 5], [6, 7], [8, 9], [10, 11], [12, 13], [14, 15], [16, 17], [18, 20]]
[[0, 1], [2, 3], [4, 5], [6, 7], [8, 9], [10, 11], [12, 13], [14, 15], [16, 17], [18, 20]]
[[0, 1], [2, 3], [4, 5], [6, 7], [8, 9], [10, 11], [12, 13], [14, 15], [16, 17], [18, 20]]
[[0, 1], [2, 3], [4, 5], [6, 7], [8, 9], [10, 11], [12, 13], [14, 15], [16, 17], [18, 20]]
[[0, 1], [2, 3], [4, 5], [6, 7], [8, 9], [10, 11], [12, 13], [14, 15], [16, 17], [18, 20]]
[[0, 1], [2, 3], [4, 5], [6, 7], [8, 9], [10, 11], [12, 13], [14, 15], [16, 17], [18, 20]]
[[0, 1], [2, 3], [4, 5], [6, 7], [8, 9], [10, 11], [12, 13], [14, 15], [16, 17], [18, 20]]
[[0, 1], [2, 3], [4, 5], [6, 7], [8, 9], [10, 11], [12, 13], [14, 15], [16, 17], [18, 20]]
[[0, 1], [2, 3], [4, 5], [6, 7], [8, 9], [10, 11], [12, 13], [14, 15], [16, 17], [18, 20]]
[[0, 1], [2, 3], [4, 5], [6, 7], [8, 9], [10, 11], [12, 13], [14, 15], [16, 17], [18, 20]]
[[0, 1], [2, 3], [4, 5], [6, 7], [8, 9], [10, 11], [12, 13], [14, 15], [16, 17], [18, 20]]
[[0, 1], [2, 3], [4, 5], [6, 7], [8, 9], [10, 11], [12, 13], [14, 15], [16, 17], [18, 20]]
[[0, 1], [2, 3], [4, 5], [6, 7], [8, 9], [10, 11], [12, 13], [14, 15], [16, 17], [18, 20]]
[[0, 1], [2, 3], [4, 5], [6, 7], [8, 9], [10, 11], [12, 13], [14, 15], [16, 17], [18, 20]]
[[0, 1], [2, 3], [4, 5], [6, 7], [8, 9], [10, 11], [12, 13], [14, 15], [16, 17], [18, 20]]
[[0, 1], [2, 3], [4, 5], [6, 7], [8, 9], [10, 11], [12, 13], [14, 15], [16, 17], [18, 20]]
[[0, 1], [2, 3], [4, 5], [6, 7], [8, 9], [10, 11], [12, 13], [14, 15], [16, 17], [18, 20]]
[[0, 1], [2, 3], [4, 5], [6, 7], [8, 9], [10, 11], [12, 13], [14, 15], [16, 17], [18, 20]]
[[0, 1], [2, 3], [4, 5], [6, 7], [8, 9], [10, 11], [12, 13], [14, 15], [16, 17], [18, 20]]
[[0, 1], [2, 3], [4, 5], [6, 7], [8, 9], [10, 11], [12, 13], [14, 15], [16, 17], [18, 20]]
[[0, 1], [2, 3], [4, 5], [6, 7], [8, 9], [10, 11], [12, 13], [14, 15], [16, 17], [18, 20]]
[[0, 1], [2, 3], [4, 5], [6, 7], [8, 9], [10, 11], [12, 13], [14, 15], [16, 17], [18, 20]]
[[0, 1], [2, 3], [4, 5], [6, 7], [8, 9], [10, 11], [12, 13], [14, 15], [16, 17], [18, 20]]
[[0, 1], [2, 3], [4, 5], [6, 7], [8, 9], [10, 11], [12, 13], [14, 15], [16, 17], [18, 20]]
[[0, 1], [2, 3], [4, 5], [6, 7], [8, 9], [10, 11], [12, 13], [14, 15], [16, 17], [18, 20]]
[[0, 1], [2, 3], [4, 5], [6, 7], [8, 9], [10, 11], [12, 13], [14, 15], [16, 17], [18, 20]]
[[0, 1], [2, 3], [4, 5], [6, 7], [8, 9], [10, 11], [12, 13], [14, 15], [16, 17], [18, 20]]
[[0, 1], [2, 3], [4, 5], [6, 7], [8, 9], [10, 11], [12, 13], [14, 15], [16, 17], [18, 20]]
[[0, 1], [2, 3], [4, 5], [6, 7], [8, 9], [10, 11], [12, 13], [14, 15], [16, 17], [18, 20]]
[[0, 1], [2, 3], [4, 5], [6, 7], [8, 9], [10, 11], [12, 13], [14, 15], [16, 17], [18, 20]]
[[0, 1], [2, 3], [4, 5], [6, 7], [8, 9], [10, 11], [12, 13], [14, 15], [16, 17], [18, 20]]
[[0, 1], [2, 3], [4, 5], [6, 7], [8, 9], [10, 11], [12, 13], [14, 15], [16, 17], [18, 20]]
]
Max value: 2000
====================
入札者数: 50
財の個数: 20
傾き:
[
[68, 75, 85, 17, 82, 39]
[64, 18, 88, 89, 83, 26]
[57, 100, 72, 92, 33, 67]
[13, 74, 84, 38, 60, 76]
[10, 10, 60, 25, 21, 30]
[42, 36, 46, 90, 42, 71]
[91, 87, 57, 37, 89, 91]
[98, 67, 22, 15, 79, 92]
[72, 63, 18, 59, 59, 39]
[59, 37, 35, 58, 31, 54]
[49, 32, 99, 14, 100, 30]
[67, 58, 45, 62, 71, 75]
[39, 73, 14, 16, 28, 78]
[92, 99, 91, 57, 100, 18]
[54, 88, 52, 67, 78, 86]
[97, 47, 96, 11, 51, 86]
[18, 71, 71, 63, 31, 12]
[26, 59, 67, 13, 28, 35]
[69, 87, 38, 84, 49, 11]
[84, 45, 95, 96, 52, 92]
[49, 18, 19, 89, 38, 56]
[70, 83, 45, 53, 67, 86]
[62, 79, 83, 70, 80, 76]
[25, 81, 92, 25, 31, 45]
[83, 81, 92, 46, 69, 13]
[68, 87, 92, 83, 62, 83]
[38, 14, 100, 98, 71, 64]
[68, 100, 14, 43, 77, 40]
[19, 94, 17, 33, 39, 70]
[54, 50, 71, 12, 24, 66]
[80, 57, 58, 74, 51, 71]
[71, 91, 84, 77, 76, 57]
[69, 100, 97, 27, 23, 60]
[29, 77, 80, 17, 32, 10]
[50, 11, 37, 40, 52, 54]
[54, 81, 41, 29, 100, 97]
[86, 84, 92, 56, 44, 35]
[92, 23, 44, 45, 18, 24]
[46, 18, 71, 81, 21, 49]
[97, 42, 42, 56, 23, 23]
[94, 68, 21, 49, 57, 66]
[89, 53, 16, 39, 59, 36]
[58, 55, 35, 84, 51, 17]
[10, 61, 98, 57, 51, 96]
[93, 70, 38, 29, 18, 73]
[36, 14, 22, 21, 46, 52]
[34, 67, 25, 19, 59, 55]
[24, 25, 63, 55, 10, 96]
[19, 57, 19, 47, 98, 30]
[47, 51, 31, 49, 53, 23]
]
需要区間:
[
[[0, 2], [3, 6], [7, 9], [10, 12], [13, 16], [17, 20]]
[[0, 3], [4, 7], [8, 10], [11, 13], [14, 16], [17, 20]]
[[0, 4], [5, 7], [8, 10], [11, 13], [14, 16], [17, 20]]
[[0, 4], [5, 7], [8, 10], [11, 13], [14, 16], [17, 20]]
[[0, 2], [3, 7], [8, 10], [11, 13], [14, 16], [17, 20]]
[[0, 4], [5, 7], [8, 10], [11, 13], [14, 16], [17, 20]]
[[0, 3], [4, 6], [7, 10], [11, 13], [14, 16], [17, 20]]
[[0, 4], [5, 7], [8, 10], [11, 13], [14, 16], [17, 20]]
[[0, 2], [3, 6], [7, 10], [11, 13], [14, 16], [17, 20]]
[[0, 2], [3, 5], [6, 10], [11, 13], [14, 16], [17, 20]]
[[0, 2], [3, 7], [8, 10], [11, 13], [14, 16], [17, 20]]
[[0, 2], [3, 5], [6, 8], [9, 11], [12, 15], [16, 20]]
[[0, 3], [4, 6], [7, 10], [11, 13], [14, 16], [17, 20]]
[[0, 3], [4, 7], [8, 10], [11, 13], [14, 16], [17, 20]]
[[0, 3], [4, 6], [7, 9], [10, 13], [14, 16], [17, 20]]
[[0, 3], [4, 7], [8, 10], [11, 13], [14, 16], [17, 20]]
[[0, 4], [5, 7], [8, 10], [11, 13], [14, 16], [17, 20]]
[[0, 3], [4, 6], [7, 9], [10, 12], [13, 16], [17, 20]]
[[0, 2], [3, 7], [8, 10], [11, 13], [14, 16], [17, 20]]
[[0, 3], [4, 6], [7, 10], [11, 13], [14, 16], [17, 20]]
[[0, 2], [3, 6], [7, 9], [10, 13], [14, 16], [17, 20]]
[[0, 3], [4, 6], [7, 10], [11, 13], [14, 16], [17, 20]]
[[0, 4], [5, 7], [8, 10], [11, 13], [14, 16], [17, 20]]
[[0, 2], [3, 7], [8, 10], [11, 13], [14, 16], [17, 20]]
[[0, 2], [3, 6], [7, 9], [10, 13], [14, 16], [17, 20]]
[[0, 4], [5, 7], [8, 10], [11, 13], [14, 16], [17, 20]]
[[0, 2], [3, 6], [7, 10], [11, 13], [14, 16], [17, 20]]
[[0, 4], [5, 7], [8, 10], [11, 13], [14, 16], [17, 20]]
[[0, 3], [4, 6], [7, 10], [11, 13], [14, 16], [17, 20]]
[[0, 4], [5, 7], [8, 10], [11, 13], [14, 16], [17, 20]]
[[0, 3], [4, 7], [8, 10], [11, 13], [14, 16], [17, 20]]
[[0, 2], [3, 6], [7, 10], [11, 13], [14, 16], [17, 20]]
[[0, 4], [5, 7], [8, 10], [11, 13], [14, 16], [17, 20]]
[[0, 3], [4, 7], [8, 10], [11, 13], [14, 16], [17, 20]]
[[0, 4], [5, 7], [8, 10], [11, 13], [14, 16], [17, 20]]
[[0, 3], [4, 6], [7, 10], [11, 13], [14, 16], [17, 20]]
[[0, 4], [5, 7], [8, 10], [11, 13], [14, 16], [17, 20]]
[[0, 2], [3, 6], [7, 9], [10, 13], [14, 16], [17, 20]]
[[0, 4], [5, 7], [8, 10], [11, 13], [14, 16], [17, 20]]
[[0, 4], [5, 7], [8, 10], [11, 13], [14, 16], [17, 20]]
[[0, 3], [4, 6], [7, 10], [11, 13], [14, 16], [17, 20]]
[[0, 4], [5, 7], [8, 10], [11, 13], [14, 16], [17, 20]]
[[0, 2], [3, 7], [8, 10], [11, 13], [14, 16], [17, 20]]
[[0, 3], [4, 7], [8, 10], [11, 13], [14, 16], [17, 20]]
[[0, 4], [5, 7], [8, 10], [11, 13], [14, 16], [17, 20]]
[[0, 4], [5, 7], [8, 10], [11, 13], [14, 16], [17, 20]]
[[0, 3], [4, 6], [7, 10], [11, 13], [14, 16], [17, 20]]
[[0, 3], [4, 7], [8, 10], [11, 13], [14, 16], [17, 20]]
[[0, 4], [5, 7], [8, 10], [11, 13], [14, 16], [17, 20]]
[[0, 2], [3, 6], [7, 10], [11, 13], [14, 16], [17, 20]]
]
Max value: 2000
====================
入札者数: 50
財の個数: 20
傾き:
[
[100, 80, 54, 73, 60, 44]
[63, 65, 83, 47, 65, 78]
[63, 68, 46, 88, 99, 50]
[40, 62, 52, 48, 45, 82]
[39, 22, 15, 43, 97, 98]
[21, 95, 66, 37, 81, 33]
[17, 11, 29, 38, 24, 47]
[49, 46, 73, 90, 39, 27]
[95, 19, 89, 92, 22, 16]
[72, 83, 99, 68, 76, 35]
[89, 49, 30, 52, 70, 68]
[44, 96, 80, 56, 48, 13]
[31, 33, 18, 46, 67, 57]
[47, 66, 17, 12, 10, 62]
[63, 35, 88, 66, 75, 80]
[58, 81, 99, 70, 10, 73]
[21, 43, 63, 86, 94, 76]
[45, 13, 46, 88, 90, 25]
[88, 71, 58, 100, 95, 40]
[80, 10, 52, 12, 74, 38]
[58, 53, 75, 65, 52, 85]
[73, 99, 73, 64, 25, 32]
[82, 48, 93, 38, 96, 85]
[24, 99, 30, 34, 58, 91]
[49, 25, 14, 27, 47, 77]
[60, 32, 17, 72, 73, 99]
[71, 28, 61, 47, 22, 84]
[66, 22, 60, 83, 100, 67]
[73, 60, 81, 75, 11, 69]
[93, 83, 37, 38, 42, 32]
[80, 96, 53, 21, 28, 54]
[29, 99, 12, 67, 40, 68]
[31, 33, 43, 51, 58, 99]
[18, 21, 41, 51, 12, 81]
[35, 92, 15, 59, 20, 63]
[42, 74, 97, 92, 17, 58]
[30, 93, 40, 97, 17, 20]
[60, 65, 30, 76, 10, 43]
[39, 49, 91, 24, 12, 85]
[92, 89, 24, 33, 61, 53]
[53, 19, 70, 97, 94, 63]
[39, 50, 77, 14, 33, 55]
[61, 78, 59, 18, 13, 100]
[76, 90, 93, 60, 79, 33]
[78, 51, 22, 48, 32, 58]
[68, 60, 59, 69, 14, 57]
[95, 19, 86, 16, 19, 52]
[44, 89, 42, 78, 28, 57]
[77, 16, 48, 85, 97, 64]
[31, 15, 39, 62, 41, 38]
]
需要区間:
[
[[0, 2], [3, 7], [8, 10], [11, 13], [14, 16], [17, 20]]
[[0, 3], [4, 7], [8, 10], [11, 13], [14, 16], [17, 20]]
[[0, 4], [5, 7], [8, 10], [11, 13], [14, 16], [17, 20]]
[[0, 2], [3, 7], [8, 10], [11, 13], [14, 16], [17, 20]]
[[0, 4], [5, 7], [8, 10], [11, 13], [14, 16], [17, 20]]
[[0, 3], [4, 7], [8, 10], [11, 13], [14, 16], [17, 20]]
[[0, 4], [5, 7], [8, 10], [11, 13], [14, 16], [17, 20]]
[[0, 3], [4, 7], [8, 10], [11, 13], [14, 16], [17, 20]]
[[0, 4], [5, 7], [8, 10], [11, 13], [14, 16], [17, 20]]
[[0, 3], [4, 6], [7, 10], [11, 13], [14, 16], [17, 20]]
[[0, 3], [4, 6], [7, 10], [11, 13], [14, 16], [17, 20]]
[[0, 2], [3, 7], [8, 10], [11, 13], [14, 16], [17, 20]]
[[0, 3], [4, 6], [7, 9], [10, 13], [14, 16], [17, 20]]
[[0, 4], [5, 7], [8, 10], [11, 13], [14, 16], [17, 20]]
[[0, 2], [3, 5], [6, 8], [9, 11], [12, 15], [16, 20]]
[[0, 3], [4, 7], [8, 10], [11, 13], [14, 16], [17, 20]]
[[0, 4], [5, 7], [8, 10], [11, 13], [14, 16], [17, 20]]
[[0, 4], [5, 7], [8, 10], [11, 13], [14, 16], [17, 20]]
[[0, 3], [4, 6], [7, 9], [10, 12], [13, 15], [16, 20]]
[[0, 4], [5, 7], [8, 10], [11, 13], [14, 16], [17, 20]]
[[0, 3], [4, 6], [7, 9], [10, 13], [14, 16], [17, 20]]
[[0, 4], [5, 7], [8, 10], [11, 13], [14, 16], [17, 20]]
[[0, 2], [3, 5], [6, 10], [11, 13], [14, 16], [17, 20]]
[[0, 2], [3, 6], [7, 10], [11, 13], [14, 16], [17, 20]]
[[0, 2], [3, 5], [6, 10], [11, 13], [14, 16], [17, 20]]
[[0, 2], [3, 5], [6, 10], [11, 13], [14, 16], [17, 20]]
[[0, 3], [4, 6], [7, 9], [10, 12], [13, 15], [16, 20]]
[[0, 3], [4, 6], [7, 10], [11, 13], [14, 16], [17, 20]]
[[0, 2], [3, 5], [6, 8], [9, 11], [12, 16], [17, 20]]
[[0, 2], [3, 7], [8, 10], [11, 13], [14, 16], [17, 20]]
[[0, 4], [5, 7], [8, 10], [11, 13], [14, 16], [17, 20]]
[[0, 2], [3, 5], [6, 10], [11, 13], [14, 16], [17, 20]]
[[0, 3], [4, 6], [7, 10], [11, 13], [14, 16], [17, 20]]
[[0, 2], [3, 6], [7, 9], [10, 12], [13, 16], [17, 20]]
[[0, 3], [4, 6], [7, 9], [10, 12], [13, 16], [17, 20]]
[[0, 4], [5, 7], [8, 10], [11, 13], [14, 16], [17, 20]]
[[0, 4], [5, 7], [8, 10], [11, 13], [14, 16], [17, 20]]
[[0, 4], [5, 7], [8, 10], [11, 13], [14, 16], [17, 20]]
[[0, 2], [3, 7], [8, 10], [11, 13], [14, 16], [17, 20]]
[[0, 2], [3, 5], [6, 9], [10, 12], [13, 15], [16, 20]]
[[0, 3], [4, 6], [7, 10], [11, 13], [14, 16], [17, 20]]
[[0, 4], [5, 7], [8, 10], [11, 13], [14, 16], [17, 20]]
[[0, 3], [4, 7], [8, 10], [11, 13], [14, 16], [17, 20]]
[[0, 4], [5, 7], [8, 10], [11, 13], [14, 16], [17, 20]]
[[0, 3], [4, 6], [7, 10], [11, 13], [14, 16], [17, 20]]
[[0, 2], [3, 6], [7, 10], [11, 13], [14, 16], [17, 20]]
[[0, 2], [3, 5], [6, 8], [9, 12], [13, 16], [17, 20]]
[[0, 4], [5, 7], [8, 10], [11, 13], [14, 16], [17, 20]]
[[0, 2], [3, 7], [8, 10], [11, 13], [14, 16], [17, 20]]
[[0, 3], [4, 6], [7, 10], [11, 13], [14, 16], [17, 20]]
]
Max value: 2000
平均実行時間: 0.005182900012005121 秒
