====================
入札者数: 100
財の個数: 20
傾き:
[
[86, 20, 24, 93, 89, 87, 85, 86, 10, 32]
[49, 70, 27, 10, 92, 72, 73, 22, 29, 14]
[63, 88, 58, 56, 50, 82, 20, 59, 60, 74]
[37, 37, 78, 13, 34, 15, 84, 49, 42, 64]
[20, 93, 35, 60, 73, 73, 80, 47, 13, 61]
[38, 12, 11, 79, 87, 99, 46, 16, 66, 92]
[70, 33, 99, 59, 100, 27, 10, 79, 50, 57]
[77, 20, 92, 47, 53, 42, 41, 63, 71, 83]
[19, 41, 17, 80, 12, 98, 24, 45, 57, 68]
[96, 77, 80, 54, 95, 30, 64, 91, 48, 88]
[42, 18, 15, 69, 45, 43, 51, 35, 15, 48]
[88, 11, 71, 24, 23, 25, 73, 28, 40, 88]
[28, 91, 79, 46, 38, 19, 94, 28, 55, 44]
[68, 87, 24, 97, 41, 29, 33, 88, 68, 82]
[69, 100, 22, 22, 38, 50, 43, 89, 63, 96]
[37, 10, 96, 62, 95, 99, 77, 81, 49, 61]
[16, 77, 67, 80, 57, 84, 37, 45, 97, 76]
[63, 27, 50, 74, 53, 21, 66, 74, 19, 12]
[71, 32, 100, 24, 61, 77, 56, 66, 36, 91]
[76, 85, 39, 35, 91, 22, 95, 69, 62, 83]
[43, 68, 94, 72, 29, 27, 90, 80, 54, 10]
[75, 64, 38, 33, 68, 21, 32, 83, 23, 76]
[15, 39, 46, 81, 77, 71, 50, 100, 52, 67]
[67, 79, 91, 18, 97, 89, 37, 72, 72, 84]
[83, 43, 34, 62, 48, 49, 17, 58, 70, 85]
[67, 56, 99, 48, 60, 94, 81, 48, 33, 92]
[25, 85, 28, 70, 64, 29, 94, 18, 22, 98]
[95, 53, 89, 96, 94, 96, 10, 64, 84, 28]
[51, 33, 18, 12, 41, 29, 21, 33, 90, 52]
[19, 96, 24, 62, 38, 91, 39, 20, 83, 14]
[16, 24, 71, 80, 46, 27, 72, 33, 81, 12]
[41, 86, 17, 94, 76, 24, 48, 80, 66, 33]
[59, 25, 97, 100, 21, 19, 45, 74, 61, 23]
[73, 72, 47, 98, 36, 48, 47, 91, 31, 39]
[37, 64, 89, 78, 56, 88, 95, 43, 54, 72]
[87, 76, 85, 25, 86, 94, 12, 73, 35, 56]
[45, 62, 94, 39, 48, 22, 46, 49, 43, 90]
[33, 15, 37, 26, 88, 93, 100, 89, 43, 93]
[31, 35, 40, 49, 62, 52, 43, 75, 31, 34]
[90, 96, 63, 13, 51, 82, 43, 14, 59, 43]
[82, 54, 37, 10, 22, 17, 77, 90, 66, 13]
[80, 48, 61, 14, 69, 34, 46, 20, 18, 13]
[55, 19, 100, 81, 40, 97, 46, 16, 44, 63]
[71, 27, 19, 93, 79, 89, 96, 38, 93, 33]
[71, 84, 86, 40, 65, 64, 10, 15, 10, 51]
[53, 90, 69, 32, 60, 100, 13, 55, 84, 92]
[18, 21, 19, 29, 42, 52, 13, 35, 50, 25]
[97, 76, 12, 30, 47, 48, 17, 75, 43, 53]
[98, 98, 18, 87, 72, 88, 59, 64, 65, 81]
[99, 55, 82, 55, 75, 13, 25, 96, 65, 41]
[58, 52, 98, 61, 65, 41, 46, 90, 94, 95]
[26, 55, 10, 38, 83, 37, 70, 10, 66, 24]
[80, 17, 60, 39, 97, 52, 89, 40, 83, 72]
[16, 97, 43, 31, 73, 56, 37, 39, 72, 27]
[27, 36, 12, 66, 97, 94, 70, 13, 19, 62]
[33, 100, 89, 50, 90, 69, 19, 66, 12, 99]
[69, 78, 52, 18, 94, 24, 99, 85, 12, 72]
[13, 22, 88, 37, 12, 90, 34, 72, 51, 16]
[71, 46, 43, 22, 64, 83, 57, 58, 21, 12]
[22, 11, 62, 30, 54, 83, 67, 74, 32, 24]
[11, 28, 94, 22, 78, 61, 39, 51, 13, 76]
[86, 73, 85, 93, 12, 29, 67, 72, 56, 11]
[61, 27, 88, 41, 99, 12, 91, 39, 86, 47]
[58, 90, 78, 49, 98, 57, 41, 20, 52, 59]
[57, 71, 93, 16, 85, 49, 41, 69, 74, 18]
[61, 20, 72, 33, 68, 47, 56, 53, 74, 43]
[33, 62, 28, 24, 44, 37, 87, 87, 66, 94]
[51, 28, 76, 72, 43, 18, 59, 47, 68, 81]
[17, 56, 28, 14, 92, 78, 91, 18, 34, 13]
[40, 75, 68, 23, 28, 15, 45, 34, 18, 97]
[69, 70, 47, 50, 80, 99, 11, 87, 74, 74]
[82, 25, 62, 41, 85, 61, 74, 60, 35, 62]
[81, 66, 19, 92, 19, 34, 38, 84, 64, 30]
[33, 19, 91, 96, 33, 84, 24, 56, 92, 74]
[16, 86, 35, 39, 88, 30, 54, 28, 57, 69]
[23, 23, 91, 34, 89, 59, 21, 44, 79, 66]
[79, 62, 64, 45, 18, 49, 95, 43, 65, 66]
[61, 45, 74, 20, 52, 46, 23, 44, 75, 82]
[16, 17, 28, 21, 23, 99, 51, 33, 79, 58]
[41, 97, 99, 57, 20, 18, 51, 79, 45, 56]
[33, 60, 72, 81, 27, 18, 30, 27, 32, 47]
[59, 11, 95, 22, 49, 94, 24, 19, 26, 33]
[66, 65, 20, 39, 22, 55, 68, 84, 78, 90]
[15, 73, 64, 42, 46, 71, 30, 64, 83, 91]
[95, 75, 54, 28, 40, 97, 21, 95, 61, 76]
[26, 18, 62, 69, 61, 60, 81, 71, 79, 51]
[41, 86, 17, 100, 55, 20, 63, 74, 99, 83]
[50, 61, 68, 99, 78, 27, 90, 72, 54, 61]
[24, 76, 16, 90, 45, 37, 98, 22, 41, 87]
[66, 11, 10, 72, 69, 53, 40, 60, 62, 100]
[27, 40, 49, 67, 15, 49, 36, 11, 38, 42]
[74, 87, 50, 97, 40, 28, 86, 94, 63, 18]
[99, 45, 15, 79, 40, 46, 64, 87, 55, 35]
[14, 59, 72, 80, 29, 58, 90, 28, 26, 68]
[32, 32, 96, 33, 62, 87, 36, 41, 93, 48]
[19, 13, 47, 20, 64, 72, 74, 46, 19, 31]
[66, 43, 77, 75, 100, 32, 67, 47, 64, 92]
[66, 59, 81, 20, 36, 14, 15, 24, 10, 99]
[18, 15, 38, 21, 34, 44, 46, 67, 45, 18]
[33, 42, 49, 62, 80, 46, 37, 85, 43, 16]
]
需要区間:
[
[[0, 1], [2, 3], [4, 5], [6, 7], [8, 9], [10, 11], [12, 13], [14, 15], [16, 17], [18, 20]]
[[0, 1], [2, 3], [4, 5], [6, 7], [8, 9], [10, 11], [12, 13], [14, 15], [16, 17], [18, 20]]
[[0, 1], [2, 3], [4, 5], [6, 7], [8, 9], [10, 11], [12, 13], [14, 15], [16, 17], [18, 20]]
[[0, 1], [2, 3], [4, 5], [6, 7], [8, 9], [10, 11], [12, 13], [14, 15], [16, 17], [18, 20]]
[[0, 1], [2, 3], [4, 5], [6, 7], [8, 9], [10, 11], [12, 13], [14, 15], [16, 17], [18, 20]]
[[0, 1], [2, 3], [4, 5], [6, 7], [8, 9], [10, 11], [12, 13], [14, 15], [16, 17], [18, 20]]
[[0, 1], [2, 3], [4, 5], [6, 7], [8, 9], [10, 11], [12, 13], [14, 15], [16, 17], [18, 20]]
[[0, 1], [2, 3], [4, 5], [6, 7], [8, 9], [10, 11], [12, 13], [14, 15], [16, 17], [18, 20]]
[[0, 1], [2, 3], [4, 5], [6, 7], [8, 9], [10, 11], [12, 13], [14, 15], [16, 17], [18, 20]]
[[0, 1], [2, 3], [4, 5], [6, 7], [8, 9], [10, 11], [12, 13], [14, 15], [16, 17], [18, 20]]
[[0, 1], [2, 3], [4, 5], [6, 7], [8, 9], [10, 11], [12, 13], [14, 15], [16, 17], [18, 20]]
[[0, 1], [2, 3], [4, 5], [6, 7], [8, 9], [10, 11], [12, 13], [14, 15], [16, 17], [18, 20]]
[[0, 1], [2, 3], [4, 5], [6, 7], [8, 9], [10, 11], [12, 13], [14, 15], [16, 17], [18, 20]]
[[0, 1], [2, 3], [4, 5], [6, 7], [8, 9], [10, 11], [12, 13], [14, 15], [16, 17], [18, 20]]
[[0, 1], [2, 3], [4, 5], [6, 7], [8, 9], [10, 11], [12, 13], [14, 15], [16, 17], [18, 20]]
[[0, 1], [2, 3], [4, 5], [6, 7], [8, 9], [10, 11], [12, 13], [14, 15], [16, 17], [18, 20]]
[[0, 1], [2, 3], [4, 5], [6, 7], [8, 9], [10, 11], [12, 13], [14, 15], [16, 17], [18, 20]]
[[0, 1], [2, 3], [4, 5], [6, 7], [8, 9], [10, 11], [12, 13], [14, 15], [16, 17], [18, 20]]
[[0, 1], [2, 3], [4, 5], [6, 7], [8, 9], [10, 11], [12, 13], [14, 15], [16, 17], [18, 20]]
[[0, 1], [2, 3], [4, 5], [6, 7], [8, 9], [10, 11], [12, 13], [14, 15], [16, 17], [18, 20]]
[[0, 1], [2, 3], [4, 5], [6, 7], [8, 9], [10, 11], [12, 13], [14, 15], [16, 17], [18, 20]]
[[0, 1], [2, 3], [4, 5], [6, 7], [8, 9], [10, 11], [12, 13], [14, 15], [16, 17], [18, 20]]
[[0, 1], [2, 3], [4, 5], [6, 7], [8, 9], [10, 11], [12, 13], [14, 15], [16, 17], [18, 20]]
[[0, 1], [2, 3], [4, 5], [6, 7], [8, 9], [10, 11], [12, 13], [14, 15], [16, 17], [18, 20]]
[[0, 1], [2, 3], [4, 5], [6, 7], [8, 9], [10, 11], [12, 13], [14, 15], [16, 17], [18, 20]]
[[0, 1], [2, 3], [4, 5], [6, 7], [8, 9], [10, 11], [12, 13], [14, 15], [16, 17], [18, 20]]
[[0, 1], [2, 3], [4, 5], [6, 7], [8, 9], [10, 11], [12, 13], [14, 15], [16, 17], [18, 20]]
[[0, 1], [2, 3], [4, 5], [6, 7], [8, 9], [10, 11], [12, 13], [14, 15], [16, 17], [18, 20]]
[[0, 1], [2, 3], [4, 5], [6, 7], [8, 9], [10, 11], [12, 13], [14, 15], [16, 17], [18, 20]]
[[0, 1], [2, 3], [4, 5], [6, 7], [8, 9], [10, 11], [12, 13], [14, 15], [16, 17], [18, 20]]
[[0, 1], [2, 3], [4, 5], [6, 7], [8, 9], [10, 11], [12, 13], [14, 15], [16, 17], [18, 20]]
[[0, 1], [2, 3], [4, 5], [6, 7], [8, 9], [10, 11], [12, 13], [14, 15], [16, 17], [18, 20]]
[[0, 1], [2, 3], [4, 5], [6, 7], [8, 9], [10, 11], [12, 13], [14, 15], [16, 17], [18, 20]]
[[0, 1], [2, 3], [4, 5], [6, 7], [8, 9], [10, 11], [12, 13], [14, 15], [16, 17], [18, 20]]
[[0, 1], [2, 3], [4, 5], [6, 7], [8, 9], [10, 11], [12, 13], [14, 15], [16, 17], [18, 20]]
[[0, 1], [2, 3], [4, 5], [6, 7], [8, 9], [10, 11], [12, 13], [14, 15], [16, 17], [18, 20]]
[[0, 1], [2, 3], [4, 5], [6, 7], [8, 9], [10, 11], [12, 13], [14, 15], [16, 17], [18, 20]]
[[0, 1], [2, 3], [4, 5], [6, 7], [8, 9], [10, 11], [12, 13], [14, 15], [16, 17], [18, 20]]
[[0, 1], [2, 3], [4, 5], [6, 7], [8, 9], [10, 11], [12, 13], [14, 15], [16, 17], [18, 20]]
[[0, 1], [2, 3], [4, 5], [6, 7], [8, 9], [10, 11], [12, 13], [14, 15], [16, 17], [18, 20]]
[[0, 1], [2, 3], [4, 5], [6, 7], [8, 9], [10, 11], [12, 13], [14, 15], [16, 17], [18, 20]]
[[0, 1], [2, 3], [4, 5], [6, 7], [8, 9], [10, 11], [12, 13], [14, 15], [16, 17], [18, 20]]
[[0, 1], [2, 3], [4, 5], [6, 7], [8, 9], [10, 11], [12, 13], [14, 15], [16, 17], [18, 20]]
[[0, 1], [2, 3], [4, 5], [6, 7], [8, 9], [10, 11], [12, 13], [14, 15], [16, 17], [18, 20]]
[[0, 1], [2, 3], [4, 5], [6, 7], [8, 9], [10, 11], [12, 13], [14, 15], [16, 17], [18, 20]]
[[0, 1], [2, 3], [4, 5], [6, 7], [8, 9], [10, 11], [12, 13], [14, 15], [16, 17], [18, 20]]
[[0, 1], [2, 3], [4, 5], [6, 7], [8, 9], [10, 11], [12, 13], [14, 15], [16, 17], [18, 20]]
[[0, 1], [2, 3], [4, 5], [6, 7], [8, 9], [10, 11], [12, 13], [14, 15], [16, 17], [18, 20]]
[[0, 1], [2, 3], [4, 5], [6, 7], [8, 9], [10, 11], [12, 13], [14, 15], [16, 17], [18, 20]]
[[0, 1], [2, 3], [4, 5], [6, 7], [8, 9], [10, 11], [12, 13], [14, 15], [16, 17], [18, 20]]
[[0, 1], [2, 3], [4, 5], [6, 7], [8, 9], [10, 11], [12, 13], [14, 15], [16, 17], [18, 20]]
[[0, 1], [2, 3], [4, 5], [6, 7], [8, 9], [10, 11], [12, 13], [14, 15], [16, 17], [18, 20]]
[[0, 1], [2, 3], [4, 5], [6, 7], [8, 9], [10, 11], [12, 13], [14, 15], [16, 17], [18, 20]]
[[0, 1], [2, 3], [4, 5], [6, 7], [8, 9], [10, 11], [12, 13], [14, 15], [16, 17], [18, 20]]
[[0, 1], [2, 3], [4, 5], [6, 7], [8, 9], [10, 11], [12, 13], [14, 15], [16, 17], [18, 20]]
[[0, 1], [2, 3], [4, 5], [6, 7], [8, 9], [10, 11], [12, 13], [14, 15], [16, 17], [18, 20]]
[[0, 1], [2, 3], [4, 5], [6, 7], [8, 9], [10, 11], [12, 13], [14, 15], [16, 17], [18, 20]]
[[0, 1], [2, 3], [4, 5], [6, 7], [8, 9], [10, 11], [12, 13], [14, 15], [16, 17], [18, 20]]
[[0, 1], [2, 3], [4, 5], [6, 7], [8, 9], [10, 11], [12, 13], [14, 15], [16, 17], [18, 20]]
[[0, 1], [2, 3], [4, 5], [6, 7], [8, 9], [10, 11], [12, 13], [14, 15], [16, 17], [18, 20]]
[[0, 1], [2, 3], [4, 5], [6, 7], [8, 9], [10, 11], [12, 13], [14, 15], [16, 17], [18, 20]]
[[0, 1], [2, 3], [4, 5], [6, 7], [8, 9], [10, 11], [12, 13], [14, 15], [16, 17], [18, 20]]
[[0, 1], [2, 3], [4, 5], [6, 7], [8, 9], [10, 11], [12, 13], [14, 15], [16, 17], [18, 20]]
[[0, 1], [2, 3], [4, 5], [6, 7], [8, 9], [10, 11], [12, 13], [14, 15], [16, 17], [18, 20]]
[[0, 1], [2, 3], [4, 5], [6, 7], [8, 9], [10, 11], [12, 13], [14, 15], [16, 17], [18, 20]]
[[0, 1], [2, 3], [4, 5], [6, 7], [8, 9], [10, 11], [12, 13], [14, 15], [16, 17], [18, 20]]
[[0, 1], [2, 3], [4, 5], [6, 7], [8, 9], [10, 11], [12, 13], [14, 15], [16, 17], [18, 20]]
[[0, 1], [2, 3], [4, 5], [6, 7], [8, 9], [10, 11], [12, 13], [14, 15], [16, 17], [18, 20]]
[[0, 1], [2, 3], [4, 5], [6, 7], [8, 9], [10, 11], [12, 13], [14, 15], [16, 17], [18, 20]]
[[0, 1], [2, 3], [4, 5], [6, 7], [8, 9], [10, 11], [12, 13], [14, 15], [16, 17], [18, 20]]
[[0, 1], [2, 3], [4, 5], [6, 7], [8, 9], [10, 11], [12, 13], [14, 15], [16, 17], [18, 20]]
[[0, 1], [2, 3], [4, 5], [6, 7], [8, 9], [10, 11], [12, 13], [14, 15], [16, 17], [18, 20]]
[[0, 1], [2, 3], [4, 5], [6, 7], [8, 9], [10, 11], [12, 13], [14, 15], [16, 17], [18, 20]]
[[0, 1], [2, 3], [4, 5], [6, 7], [8, 9], [10, 11], [12, 13], [14, 15], [16, 17], [18, 20]]
[[0, 1], [2, 3], [4, 5], [6, 7], [8, 9], [10, 11], [12, 13], [14, 15], [16, 17], [18, 20]]
[[0, 1], [2, 3], [4, 5], [6, 7], [8, 9], [10, 11], [12, 13], [14, 15], [16, 17], [18, 20]]
[[0, 1], [2, 3], [4, 5], [6, 7], [8, 9], [10, 11], [12, 13], [14, 15], [16, 17], [18, 20]]
[[0, 1], [2, 3], [4, 5], [6, 7], [8, 9], [10, 11], [12, 13], [14, 15], [16, 17], [18, 20]]
[[0, 1], [2, 3], [4, 5], [6, 7], [8, 9], [10, 11], [12, 13], [14, 15], [16, 17], [18, 20]]
[[0, 1], [2, 3], [4, 5], [6, 7], [8, 9], [10, 11], [12, 13], [14, 15], [16, 17], [18, 20]]
[[0, 1], [2, 3], [4, 5], [6, 7], [8, 9], [10, 11], [12, 13], [14, 15], [16, 17], [18, 20]]
[[0, 1], [2, 3], [4, 5], [6, 7], [8, 9], [10, 11], [12, 13], [14, 15], [16, 17], [18, 20]]
[[0, 1], [2, 3], [4, 5], [6, 7], [8, 9], [10, 11], [12, 13], [14, 15], [16, 17], [18, 20]]
[[0, 1], [2, 3], [4, 5], [6, 7], [8, 9], [10, 11], [12, 13], [14, 15], [16, 17], [18, 20]]
[[0, 1], [2, 3], [4, 5], [6, 7], [8, 9], [10, 11], [12, 13], [14, 15], [16, 17], [18, 20]]
[[0, 1], [2, 3], [4, 5], [6, 7], [8, 9], [10, 11], [12, 13], [14, 15], [16, 17], [18, 20]]
[[0, 1], [2, 3], [4, 5], [6, 7], [8, 9], [10, 11], [12, 13], [14, 15], [16, 17], [18, 20]]
[[0, 1], [2, 3], [4, 5], [6, 7], [8, 9], [10, 11], [12, 13], [14, 15], [16, 17], [18, 20]]
[[0, 1], [2, 3], [4, 5], [6, 7], [8, 9], [10, 11], [12, 13], [14, 15], [16, 17], [18, 20]]
[[0, 1], [2, 3], [4, 5], [6, 7], [8, 9], [10, 11], [12, 13], [14, 15], [16, 17], [18, 20]]
[[0, 1], [2, 3], [4, 5], [6, 7], [8, 9], [10, 11], [12, 13], [14, 15], [16, 17], [18, 20]]
[[0, 1], [2, 3], [4, 5], [6, 7], [8, 9], [10, 11], [12, 13], [14, 15], [16, 17], [18, 20]]
[[0, 1], [2, 3], [4, 5], [6, 7], [8, 9], [10, 11], [12, 13], [14, 15], [16, 17], [18, 20]]
[[0, 1], [2, 3], [4, 5], [6, 7], [8, 9], [10, 11], [12, 13], [14, 15], [16, 17], [18, 20]]
[[0, 1], [2, 3], [4, 5], [6, 7], [8, 9], [10, 11], [12, 13], [14, 15], [16, 17], [18, 20]]
[[0, 1], [2, 3], [4, 5], [6, 7], [8, 9], [10, 11], [12, 13], [14, 15], [16, 17], [18, 20]]
[[0, 1], [2, 3], [4, 5], [6, 7], [8, 9], [10, 11], [12, 13], [14, 15], [16, 17], [18, 20]]
[[0, 1], [2, 3], [4, 5], [6, 7], [8, 9], [10, 11], [12, 13], [14, 15], [16, 17], [18, 20]]
[[0, 1], [2, 3], [4, 5], [6, 7], [8, 9], [10, 11], [12, 13], [14, 15], [16, 17], [18, 20]]
[[0, 1], [2, 3], [4, 5], [6, 7], [8, 9], [10, 11], [12, 13], [14, 15], [16, 17], [18, 20]]
]
Max value: 2000
====================
入札者数: 100
財の個数: 20
傾き:
[
[19, 36, 38, 45, 11, 59]
[62, 14, 25, 44, 37, 100]
[60, 67, 57, 12, 14, 20]
[71, 99, 91, 82, 66, 95]
[54, 85, 48, 71, 76, 80]
[44, 59, 67, 95, 81, 77]
[43, 26, 79, 73, 22, 46]
[58, 74, 92, 92, 78, 15]
[16, 84, 33, 92, 63, 55]
[10, 89, 82, 76, 59, 40]
[97, 34, 14, 21, 96, 21]
[21, 14, 78, 51, 13, 93]
[36, 13, 72, 92, 73, 55]
[99, 87, 12, 67, 22, 62]
[99, 46, 28, 96, 12, 27]
[87, 49, 80, 86, 45, 64]
[28, 21, 65, 33, 11, 59]
[99, 54, 14, 63, 80, 28]
[79, 45, 29, 56, 45, 20]
[41, 71, 18, 82, 33, 55]
[71, 97, 51, 23, 90, 72]
[57, 35, 36, 65, 34, 88]
[20, 72, 70, 31, 89, 92]
[70, 33, 78, 83, 10, 85]
[35, 87, 100, 39, 66, 91]
[92, 49, 42, 13, 31, 97]
[24, 57, 24, 23, 84, 79]
[56, 70, 12, 36, 88, 18]
[14, 29, 42, 88, 25, 67]
[100, 29, 38, 13, 44, 87]
[13, 59, 62, 79, 87, 21]
[52, 65, 20, 22, 27, 19]
[79, 64, 42, 82, 85, 53]
[38, 24, 25, 71, 83, 96]
[64, 58, 80, 94, 31, 65]
[54, 84, 46, 14, 56, 19]
[100, 73, 52, 21, 24, 18]
[30, 78, 81, 24, 21, 82]
[45, 75, 18, 46, 80, 83]
[91, 70, 56, 19, 20, 72]
[77, 51, 55, 99, 48, 49]
[20, 77, 64, 21, 73, 10]
[91, 56, 27, 25, 25, 65]
[74, 62, 98, 23, 77, 91]
[48, 15, 18, 95, 79, 99]
[56, 65, 94, 31, 33, 73]
[49, 99, 46, 93, 25, 13]
[84, 52, 10, 48, 81, 27]
[50, 42, 71, 98, 20, 92]
[18, 68, 38, 42, 31, 49]
[76, 58, 98, 24, 84, 70]
[59, 74, 48, 84, 11, 35]
[10, 33, 56, 54, 96, 25]
[65, 58, 83, 26, 90, 31]
[86, 98, 16, 74, 51, 51]
[95, 29, 68, 64, 80, 47]
[32, 50, 86, 55, 10, 62]
[90, 90, 43, 74, 46, 13]
[25, 89, 90, 92, 77, 26]
[51, 38, 65, 18, 40, 83]
[71, 38, 98, 55, 89, 80]
[52, 11, 97, 14, 81, 78]
[61, 39, 34, 78, 31, 28]
[94, 70, 29, 90, 61, 95]
[68, 80, 54, 57, 65, 21]
[48, 92, 32, 90, 37, 26]
[74, 39, 40, 45, 31, 75]
[73, 82, 91, 42, 65, 14]
[27, 63, 59, 84, 40, 93]
[78, 43, 73, 97, 29, 44]
[51, 72, 53, 92, 82, 37]
[38, 38, 67, 15, 39, 96]
[83, 93, 16, 54, 15, 54]
[28, 48, 83, 85, 52, 48]
[64, 53, 81, 16, 33, 37]
[78, 19, 89, 43, 95, 65]
[71, 87, 53, 72, 78, 64]
[54, 71, 26, 31, 58, 46]
[100, 100, 72, 40, 34, 69]
[41, 32, 99, 97, 15, 39]
[13, 100, 53, 37, 100, 90]
[58, 86, 89, 44, 45, 75]
[68, 66, 64, 64, 58, 16]
[59, 57, 83, 100, 100, 77]
[58, 43, 30, 96, 32, 33]
[61, 82, 74, 19, 53, 84]
[45, 61, 92, 31, 41, 98]
[55, 93, 71, 90, 52, 15]
[42, 10, 60, 81, 15, 53]
[26, 25, 88, 94, 37, 98]
[27, 30, 58, 37, 100, 35]
[21, 77, 31, 34, 78, 79]
[94, 47, 28, 42, 89, 68]
[36, 38, 22, 16, 71, 80]
[41, 27, 53, 23, 42, 15]
[53, 36, 16, 44, 11, 10]
[21, 84, 16, 84, 80, 36]
[40, 45, 57, 100, 98, 25]
[63, 14, 38, 21, 96, 43]
[76, 19, 63, 24, 92, 57]
]
需要区間:
[
[[0, 4], [5, 7], [8, 10], [11, 13], [14, 16], [17, 20]]
[[0, 2], [3, 5], [6, 8], [9, 12], [13, 16], [17, 20]]
[[0, 3], [4, 7], [8, 10], [11, 13], [14, 16], [17, 20]]
[[0, 4], [5, 7], [8, 10], [11, 13], [14, 16], [17, 20]]
[[0, 3], [4, 7], [8, 10], [11, 13], [14, 16], [17, 20]]
[[0, 3], [4, 6], [7, 10], [11, 13], [14, 16], [17, 20]]
[[0, 4], [5, 7], [8, 10], [11, 13], [14, 16], [17, 20]]
[[0, 2], [3, 6], [7, 10], [11, 13], [14, 16], [17, 20]]
[[0, 3], [4, 7], [8, 10], [11, 13], [14, 16], [17, 20]]
[[0, 3], [4, 7], [8, 10], [11, 13], [14, 16], [17, 20]]
[[0, 3], [4, 6], [7, 10], [11, 13], [14, 16], [17, 20]]
[[0, 3], [4, 7], [8, 10], [11, 13], [14, 16], [17, 20]]
[[0, 2], [3, 6], [7, 10], [11, 13], [14, 16], [17, 20]]
[[0, 3], [4, 6], [7, 10], [11, 13], [14, 16], [17, 20]]
[[0, 4], [5, 7], [8, 10], [11, 13], [14, 16], [17, 20]]
[[0, 3], [4, 7], [8, 10], [11, 13], [14, 16], [17, 20]]
[[0, 2], [3, 5], [6, 8], [9, 12], [13, 16], [17, 20]]
[[0, 3], [4, 6], [7, 10], [11, 13], [14, 16], [17, 20]]
[[0, 3], [4, 7], [8, 10], [11, 13], [14, 16], [17, 20]]
[[0, 4], [5, 7], [8, 10], [11, 13], [14, 16], [17, 20]]
[[0, 2], [3, 7], [8, 10], [11, 13], [14, 16], [17, 20]]
[[0, 4], [5, 7], [8, 10], [11, 13], [14, 16], [17, 20]]
[[0, 3], [4, 6], [7, 9], [10, 13], [14, 16], [17, 20]]
[[0, 4], [5, 7], [8, 10], [11, 13], [14, 16], [17, 20]]
[[0, 3], [4, 6], [7, 9], [10, 13], [14, 16], [17, 20]]
[[0, 3], [4, 6], [7, 9], [10, 12], [13, 15], [16, 20]]
[[0, 2], [3, 7], [8, 10], [11, 13], [14, 16], [17, 20]]
[[0, 3], [4, 6], [7, 9], [10, 13], [14, 16], [17, 20]]
[[0, 2], [3, 6], [7, 10], [11, 13], [14, 16], [17, 20]]
[[0, 2], [3, 6], [7, 9], [10, 12], [13, 16], [17, 20]]
[[0, 4], [5, 7], [8, 10], [11, 13], [14, 16], [17, 20]]
[[0, 4], [5, 7], [8, 10], [11, 13], [14, 16], [17, 20]]
[[0, 3], [4, 6], [7, 9], [10, 12], [13, 16], [17, 20]]
[[0, 4], [5, 7], [8, 10], [11, 13], [14, 16], [17, 20]]
[[0, 2], [3, 7], [8, 10], [11, 13], [14, 16], [17, 20]]
[[0, 4], [5, 7], [8, 10], [11, 13], [14, 16], [17, 20]]
[[0, 3], [4, 7], [8, 10], [11, 13], [14, 16], [17, 20]]
[[0, 4], [5, 7], [8, 10], [11, 13], [14, 16], [17, 20]]
[[0, 2], [3, 5], [6, 9], [10, 13], [14, 16], [17, 20]]
[[0, 3], [4, 6], [7, 9], [10, 12], [13, 15], [16, 20]]
[[0, 4], [5, 7], [8, 10], [11, 13], [14, 16], [17, 20]]
[[0, 4], [5, 7], [8, 10], [11, 13], [14, 16], [17, 20]]
[[0, 4], [5, 7], [8, 10], [11, 13], [14, 16], [17, 20]]
[[0, 2], [3, 6], [7, 9], [10, 13], [14, 16], [17, 20]]
[[0, 3], [4, 7], [8, 10], [11, 13], [14, 16], [17, 20]]
[[0, 3], [4, 7], [8, 10], [11, 13], [14, 16], [17, 20]]
[[0, 4], [5, 7], [8, 10], [11, 13], [14, 16], [17, 20]]
[[0, 2], [3, 6], [7, 10], [11, 13], [14, 16], [17, 20]]
[[0, 2], [3, 6], [7, 9], [10, 12], [13, 16], [17, 20]]
[[0, 3], [4, 7], [8, 10], [11, 13], [14, 16], [17, 20]]
[[0, 3], [4, 7], [8, 10], [11, 13], [14, 16], [17, 20]]
[[0, 3], [4, 6], [7, 10], [11, 13], [14, 16], [17, 20]]
[[0, 2], [3, 7], [8, 10], [11, 13], [14, 16], [17, 20]]
[[0, 2], [3, 6], [7, 10], [11, 13], [14, 16], [17, 20]]
[[0, 4], [5, 7], [8, 10], [11, 13], [14, 16], [17, 20]]
[[0, 2], [3, 5], [6, 9], [10, 12], [13, 15], [16, 20]]
[[0, 3], [4, 6], [7, 10], [11, 13], [14, 16], [17, 20]]
[[0, 3], [4, 7], [8, 10], [11, 13], [14, 16], [17, 20]]
[[0, 3], [4, 6], [7, 9], [10, 13], [14, 16], [17, 20]]
[[0, 2], [3, 5], [6, 8], [9, 11], [12, 15], [16, 20]]
[[0, 2], [3, 7], [8, 10], [11, 13], [14, 16], [17, 20]]
[[0, 2], [3, 6], [7, 9], [10, 13], [14, 16], [17, 20]]
[[0, 3], [4, 6], [7, 9], [10, 12], [13, 16], [17, 20]]
[[0, 4], [5, 7], [8, 10], [11, 13], [14, 16], [17, 20]]
[[0, 2], [3, 5], [6, 10], [11, 13], [14, 16], [17, 20]]
[[0, 4], [5, 7], [8, 10], [11, 13], [14, 16], [17, 20]]
[[0, 4], [5, 7], [8, 10], [11, 13], [14, 16], [17, 20]]
[[0, 4], [5, 7], [8, 10], [11, 13], [14, 16], [17, 20]]
[[0, 3], [4, 6], [7, 9], [10, 13], [14, 16], [17, 20]]
[[0, 2], [3, 7], [8, 10], [11, 13], [14, 16], [17, 20]]
[[0, 4], [5, 7], [8, 10], [11, 13], [14, 16], [17, 20]]
[[0, 2], [3, 5], [6, 8], [9, 11], [12, 16], [17, 20]]
[[0, 3], [4, 6], [7, 9], [10, 13], [14, 16], [17, 20]]
[[0, 4], [5, 7], [8, 10], [11, 13], [14, 16], [17, 20]]
[[0, 2], [3, 7], [8, 10], [11, 13], [14, 16], [17, 20]]
[[0, 3], [4, 6], [7, 10], [11, 13], [14, 16], [17, 20]]
[[0, 4], [5, 7], [8, 10], [11, 13], [14, 16], [17, 20]]
[[0, 4], [5, 7], [8, 10], [11, 13], [14, 16], [17, 20]]
[[0, 3], [4, 7], [8, 10], [11, 13], [14, 16], [17, 20]]
[[0, 3], [4, 6], [7, 10], [11, 13], [14, 16], [17, 20]]
[[0, 3], [4, 7], [8, 10], [11, 13], [14, 16], [17, 20]]
[[0, 3], [4, 7], [8, 10], [11, 13], [14, 16], [17, 20]]
[[0, 4], [5, 7], [8, 10], [11, 13], [14, 16], [17, 20]]
[[0, 2], [3, 7], [8, 10], [11, 13], [14, 16], [17, 20]]
[[0, 3], [4, 6], [7, 9], [10, 12], [13, 15], [16, 20]]
[[0, 4], [5, 7], [8, 10], [11, 13], [14, 16], [17, 20]]
[[0, 2], [3, 5], [6, 8], [9, 13], [14, 16], [17, 20]]
[[0, 3], [4, 6], [7, 9], [10, 12], [13, 16], [17, 20]]
[[0, 3], [4, 6], [7, 10], [11, 13], [14, 16], [17, 20]]
[[0, 2], [3, 7], [8, 10], [11, 13], [14, 16], [17, 20]]
[[0, 4], [5, 7], [8, 10], [11, 13], [14, 16], [17, 20]]
[[0, 4], [5, 7], [8, 10], [11, 13], [14, 16], [17, 20]]
[[0, 4], [5, 7], [8, 10], [11, 13], [14, 16], [17, 20]]
[[0, 3], [4, 7], [8, 10], [11, 13], [14, 16], [17, 20]]
[[0, 3], [4, 7], [8, 10], [11, 13], [14, 16], [17, 20]]
[[0, 2], [3, 6], [7, 10], [11, 13], [14, 16], [17, 20]]
[[0, 3], [4, 6], [7, 10], [11, 13], [14, 16], [17, 20]]
[[0, 2], [3, 7], [8, 10], [11, 13], [14, 16], [17, 20]]
[[0, 3], [4, 6], [7, 10], [11, 13], [14, 16], [17, 20]]
[[0, 4], [5, 7], [8, 10], [11, 13], [14, 16], [17, 20]]
]
Max value: 2000
====================
入札者数: 100
財の個数: 20
傾き:
[
[57, 30, 16, 59, 96, 80]
[59, 72, 11, 69, 63, 97]
[40, 40, 12, 69, 10, 97]
[10, 89, 16, 68, 91, 17]
[10, 63, 17, 70, 28, 20]
[76, 58, 30, 72, 56, 22]
[97, 49, 14, 37, 26, 36]
[21, 81, 74, 100, 68, 51]
[12, 42, 100, 57, 34, 56]
[77, 42, 97, 89, 76, 29]
[89, 64, 29, 92, 99, 28]
[19, 36, 64, 90, 95, 98]
[52, 21, 76, 47, 26, 64]
[36, 43, 63, 18, 55, 46]
[29, 47, 14, 16, 30, 92]
[93, 99, 54, 34, 64, 40]
[30, 31, 30, 72, 23, 57]
[68, 25, 60, 14, 76, 67]
[38, 80, 36, 94, 58, 78]
[43, 52, 62, 99, 78, 17]
[52, 20, 35, 70, 71, 73]
[54, 93, 98, 74, 45, 47]
[42, 91, 56, 56, 71, 43]
[77, 66, 53, 96, 58, 66]
[46, 20, 22, 60, 34, 16]
[13, 67, 83, 100, 35, 95]
[51, 23, 22, 70, 52, 23]
[56, 87, 71, 75, 44, 88]
[51, 30, 11, 50, 21, 16]
[67, 71, 37, 62, 55, 13]
[62, 20, 53, 62, 87, 85]
[54, 57, 86, 84, 56, 35]
[95, 69, 29, 59, 99, 89]
[48, 35, 100, 71, 57, 18]
[98, 43, 56, 62, 83, 25]
[51, 17, 56, 78, 17, 76]
[78, 10, 85, 24, 65, 63]
[38, 58, 42, 56, 17, 21]
[32, 64, 34, 69, 75, 100]
[53, 82, 59, 42, 58, 68]
[28, 30, 63, 35, 29, 13]
[10, 17, 93, 30, 78, 81]
[83, 47, 29, 37, 51, 82]
[15, 67, 90, 78, 68, 33]
[58, 11, 59, 97, 95, 73]
[48, 50, 56, 97, 78, 47]
[50, 63, 56, 71, 38, 50]
[45, 71, 52, 78, 45, 100]
[78, 75, 28, 42, 23, 91]
[18, 66, 14, 72, 98, 46]
[76, 20, 28, 76, 36, 66]
[10, 72, 40, 39, 29, 34]
[21, 76, 68, 57, 14, 100]
[35, 84, 59, 56, 97, 46]
[89, 45, 92, 25, 48, 81]
[40, 88, 53, 45, 76, 100]
[27, 14, 91, 11, 57, 72]
[69, 34, 36, 87, 94, 10]
[74, 100, 31, 39, 71, 39]
[70, 21, 100, 34, 71, 83]
[18, 58, 15, 62, 28, 42]
[87, 78, 82, 60, 36, 38]
[67, 39, 88, 38, 31, 44]
[83, 75, 84, 66, 73, 18]
[88, 48, 28, 99, 83, 17]
[29, 44, 20, 61, 19, 96]
[78, 40, 34, 70, 18, 46]
[30, 72, 20, 60, 56, 78]
[89, 12, 28, 58, 13, 84]
[26, 12, 41, 36, 45, 12]
[16, 51, 34, 56, 52, 69]
[52, 56, 25, 79, 64, 84]
[39, 40, 22, 97, 60, 22]
[75, 79, 97, 77, 63, 73]
[11, 20, 86, 56, 85, 57]
[60, 47, 35, 48, 81, 52]
[20, 10, 14, 21, 50, 59]
[83, 35, 88, 48, 83, 50]
[16, 53, 14, 91, 91, 93]
[73, 10, 51, 81, 60, 20]
[40, 98, 14, 98, 55, 48]
[64, 33, 48, 34, 46, 92]
[57, 34, 71, 25, 31, 37]
[98, 94, 27, 41, 52, 52]
[58, 43, 28, 50, 22, 82]
[42, 66, 58, 64, 48, 61]
[50, 96, 61, 100, 48, 88]
[13, 44, 17, 39, 69, 93]
[34, 68, 49, 91, 60, 10]
[23, 98, 90, 99, 59, 64]
[61, 41, 50, 88, 81, 20]
[83, 67, 76, 11, 41, 40]
[85, 62, 10, 85, 85, 64]
[77, 42, 99, 19, 77, 79]
[81, 85, 84, 77, 66, 95]
[86, 29, 81, 53, 52, 26]
[74, 73, 18, 73, 40, 33]
[21, 14, 53, 66, 60, 52]
[32, 34, 79, 100, 10, 94]
[52, 63, 74, 20, 84, 68]
]
需要区間:
[
[[0, 2], [3, 5], [6, 9], [10, 12], [13, 15], [16, 20]]
[[0, 2], [3, 6], [7, 9], [10, 13], [14, 16], [17, 20]]
[[0, 4], [5, 7], [8, 10], [11, 13], [14, 16], [17, 20]]
[[0, 2], [3, 7], [8, 10], [11, 13], [14, 16], [17, 20]]
[[0, 3], [4, 7], [8, 10], [11, 13], [14, 16], [17, 20]]
[[0, 3], [4, 6], [7, 10], [11, 13], [14, 16], [17, 20]]
[[0, 2], [3, 7], [8, 10], [11, 13], [14, 16], [17, 20]]
[[0, 2], [3, 6], [7, 9], [10, 12], [13, 16], [17, 20]]
[[0, 3], [4, 6], [7, 10], [11, 13], [14, 16], [17, 20]]
[[0, 2], [3, 5], [6, 9], [10, 13], [14, 16], [17, 20]]
[[0, 2], [3, 6], [7, 9], [10, 13], [14, 16], [17, 20]]
[[0, 3], [4, 6], [7, 10], [11, 13], [14, 16], [17, 20]]
[[0, 4], [5, 7], [8, 10], [11, 13], [14, 16], [17, 20]]
[[0, 3], [4, 7], [8, 10], [11, 13], [14, 16], [17, 20]]
[[0, 3], [4, 6], [7, 10], [11, 13], [14, 16], [17, 20]]
[[0, 4], [5, 7], [8, 10], [11, 13], [14, 16], [17, 20]]
[[0, 2], [3, 7], [8, 10], [11, 13], [14, 16], [17, 20]]
[[0, 3], [4, 7], [8, 10], [11, 13], [14, 16], [17, 20]]
[[0, 2], [3, 7], [8, 10], [11, 13], [14, 16], [17, 20]]
[[0, 2], [3, 6], [7, 9], [10, 13], [14, 16], [17, 20]]
[[0, 4], [5, 7], [8, 10], [11, 13], [14, 16], [17, 20]]
[[0, 4], [5, 7], [8, 10], [11, 13], [14, 16], [17, 20]]
[[0, 2], [3, 7], [8, 10], [11, 13], [14, 16], [17, 20]]
[[0, 3], [4, 6], [7, 9], [10, 13], [14, 16], [17, 20]]
[[0, 3], [4, 6], [7, 9], [10, 12], [13, 16], [17, 20]]
[[0, 4], [5, 7], [8, 10], [11, 13], [14, 16], [17, 20]]
[[0, 3], [4, 6], [7, 10], [11, 13], [14, 16], [17, 20]]
[[0, 4], [5, 7], [8, 10], [11, 13], [14, 16], [17, 20]]
[[0, 3], [4, 7], [8, 10], [11, 13], [14, 16], [17, 20]]
[[0, 3], [4, 7], [8, 10], [11, 13], [14, 16], [17, 20]]
[[0, 3], [4, 7], [8, 10], [11, 13], [14, 16], [17, 20]]
[[0, 2], [3, 6], [7, 9], [10, 13], [14, 16], [17, 20]]
[[0, 2], [3, 7], [8, 10], [11, 13], [14, 16], [17, 20]]
[[0, 3], [4, 7], [8, 10], [11, 13], [14, 16], [17, 20]]
[[0, 4], [5, 7], [8, 10], [11, 13], [14, 16], [17, 20]]
[[0, 3], [4, 7], [8, 10], [11, 13], [14, 16], [17, 20]]
[[0, 4], [5, 7], [8, 10], [11, 13], [14, 16], [17, 20]]
[[0, 3], [4, 7], [8, 10], [11, 13], [14, 16], [17, 20]]
[[0, 4], [5, 7], [8, 10], [11, 13], [14, 16], [17, 20]]
[[0, 2], [3, 7], [8, 10], [11, 13], [14, 16], [17, 20]]
[[0, 3], [4, 6], [7, 10], [11, 13], [14, 16], [17, 20]]
[[0, 2], [3, 7], [8, 10], [11, 13], [14, 16], [17, 20]]
[[0, 2], [3, 7], [8, 10], [11, 13], [14, 16], [17, 20]]
[[0, 3], [4, 6], [7, 9], [10, 13], [14, 16], [17, 20]]
[[0, 4], [5, 7], [8, 10], [11, 13], [14, 16], [17, 20]]
[[0, 4], [5, 7], [8, 10], [11, 13], [14, 16], [17, 20]]
[[0, 4], [5, 7], [8, 10], [11, 13], [14, 16], [17, 20]]
[[0, 4], [5, 7], [8, 10], [11, 13], [14, 16], [17, 20]]
[[0, 2], [3, 7], [8, 10], [11, 13], [14, 16], [17, 20]]
[[0, 4], [5, 7], [8, 10], [11, 13], [14, 16], [17, 20]]
[[0, 3], [4, 7], [8, 10], [11, 13], [14, 16], [17, 20]]
[[0, 3], [4, 7], [8, 10], [11, 13], [14, 16], [17, 20]]
[[0, 4], [5, 7], [8, 10], [11, 13], [14, 16], [17, 20]]
[[0, 3], [4, 6], [7, 9], [10, 13], [14, 16], [17, 20]]
[[0, 4], [5, 7], [8, 10], [11, 13], [14, 16], [17, 20]]
[[0, 3], [4, 7], [8, 10], [11, 13], [14, 16], [17, 20]]
[[0, 4], [5, 7], [8, 10], [11, 13], [14, 16], [17, 20]]
[[0, 2], [3, 6], [7, 9], [10, 13], [14, 16], [17, 20]]
[[0, 3], [4, 7], [8, 10], [11, 13], [14, 16], [17, 20]]
[[0, 4], [5, 7], [8, 10], [11, 13], [14, 16], [17, 20]]
[[0, 3], [4, 7], [8, 10], [11, 13], [14, 16], [17, 20]]
[[0, 2], [3, 5], [6, 8], [9, 13], [14, 16], [17, 20]]
[[0, 3], [4, 7], [8, 10], [11, 13], [14, 16], [17, 20]]
[[0, 4], [5, 7], [8, 10], [11, 13], [14, 16], [17, 20]]
[[0, 2], [3, 7], [8, 10], [11, 13], [14, 16], [17, 20]]
[[0, 2], [3, 6], [7, 9], [10, 12], [13, 15], [16, 20]]
[[0, 4], [5, 7], [8, 10], [11, 13], [14, 16], [17, 20]]
[[0, 3], [4, 6], [7, 9], [10, 13], [14, 16], [17, 20]]
[[0, 2], [3, 7], [8, 10], [11, 13], [14, 16], [17, 20]]
[[0, 4], [5, 7], [8, 10], [11, 13], [14, 16], [17, 20]]
[[0, 2], [3, 5], [6, 8], [9, 13], [14, 16], [17, 20]]
[[0, 2], [3, 6], [7, 9], [10, 12], [13, 16], [17, 20]]
[[0, 3], [4, 7], [8, 10], [11, 13], [14, 16], [17, 20]]
[[0, 3], [4, 6], [7, 9], [10, 13], [14, 16], [17, 20]]
[[0, 3], [4, 6], [7, 10], [11, 13], [14, 16], [17, 20]]
[[0, 2], [3, 6], [7, 10], [11, 13], [14, 16], [17, 20]]
[[0, 2], [3, 6], [7, 10], [11, 13], [14, 16], [17, 20]]
[[0, 4], [5, 7], [8, 10], [11, 13], [14, 16], [17, 20]]
[[0, 4], [5, 7], [8, 10], [11, 13], [14, 16], [17, 20]]
[[0, 2], [3, 6], [7, 9], [10, 13], [14, 16], [17, 20]]
[[0, 4], [5, 7], [8, 10], [11, 13], [14, 16], [17, 20]]
[[0, 2], [3, 7], [8, 10], [11, 13], [14, 16], [17, 20]]
[[0, 4], [5, 7], [8, 10], [11, 13], [14, 16], [17, 20]]
[[0, 3], [4, 6], [7, 9], [10, 13], [14, 16], [17, 20]]
[[0, 3], [4, 7], [8, 10], [11, 13], [14, 16], [17, 20]]
[[0, 2], [3, 6], [7, 10], [11, 13], [14, 16], [17, 20]]
[[0, 2], [3, 6], [7, 9], [10, 12], [13, 15], [16, 20]]
[[0, 4], [5, 7], [8, 10], [11, 13], [14, 16], [17, 20]]
[[0, 4], [5, 7], [8, 10], [11, 13], [14, 16], [17, 20]]
[[0, 3], [4, 6], [7, 9], [10, 13], [14, 16], [17, 20]]
[[0, 3], [4, 7], [8, 10], [11, 13], [14, 16], [17, 20]]
[[0, 4], [5, 7], [8, 10], [11, 13], [14, 16], [17, 20]]
[[0, 4], [5, 7], [8, 10], [11, 13], [14, 16], [17, 20]]
[[0, 4], [5, 7], [8, 10], [11, 13], [14, 16], [17, 20]]
[[0, 3], [4, 6], [7, 9], [10, 13], [14, 16], [17, 20]]
[[0, 3], [4, 7], [8, 10], [11, 13], [14, 16], [17, 20]]
[[0, 4], [5, 7], [8, 10], [11, 13], [14, 16], [17, 20]]
[[0, 3], [4, 7], [8, 10], [11, 13], [14, 16], [17, 20]]
[[0, 2], [3, 7], [8, 10], [11, 13], [14, 16], [17, 20]]
[[0, 3], [4, 6], [7, 9], [10, 13], [14, 16], [17, 20]]
]
Max value: 2000
====================
入札者数: 100
財の個数: 20
傾き:
[
[73, 18, 27, 61, 33, 36]
[60, 85, 88, 22, 28, 69]
[60, 37, 25, 94, 13, 52]
[87, 34, 75, 18, 17, 21]
[16, 82, 66, 73, 46, 22]
[16, 19, 33, 11, 29, 42]
[36, 71, 12, 62, 90, 27]
[79, 56, 60, 32, 36, 55]
[34, 17, 81, 13, 15, 15]
[19, 48, 53, 97, 41, 29]
[47, 19, 75, 100, 73, 12]
[60, 71, 52, 32, 99, 95]
[42, 96, 11, 20, 69, 79]
[62, 31, 60, 48, 77, 61]
[10, 51, 55, 35, 48, 28]
[89, 53, 49, 62, 76, 23]
[79, 18, 74, 58, 14, 79]
[77, 90, 90, 10, 13, 14]
[24, 56, 59, 87, 36, 98]
[90, 65, 89, 19, 54, 96]
[43, 43, 62, 75, 38, 99]
[58, 42, 64, 48, 28, 10]
[44, 28, 56, 75, 64, 52]
[39, 81, 86, 92, 73, 79]
[55, 92, 42, 48, 26, 28]
[43, 93, 48, 14, 54, 23]
[11, 70, 56, 59, 43, 85]
[61, 37, 75, 94, 65, 67]
[100, 48, 25, 58, 34, 20]
[17, 72, 93, 73, 33, 68]
[93, 41, 16, 58, 31, 49]
[35, 64, 96, 84, 18, 37]
[66, 47, 33, 73, 64, 88]
[94, 23, 75, 12, 92, 39]
[72, 93, 36, 72, 52, 36]
[75, 32, 91, 65, 87, 37]
[37, 23, 42, 83, 41, 17]
[41, 11, 66, 97, 18, 93]
[40, 12, 13, 14, 18, 15]
[20, 64, 36, 64, 32, 85]
[82, 11, 83, 72, 82, 70]
[49, 54, 32, 93, 81, 27]
[77, 86, 81, 13, 99, 42]
[40, 84, 86, 18, 86, 12]
[53, 10, 32, 74, 69, 65]
[33, 26, 24, 96, 86, 41]
[95, 50, 15, 94, 27, 46]
[83, 47, 22, 77, 40, 80]
[61, 56, 48, 58, 57, 58]
[85, 94, 87, 18, 13, 91]
[24, 87, 15, 32, 55, 74]
[73, 24, 48, 31, 56, 81]
[18, 49, 62, 73, 90, 12]
[55, 10, 80, 63, 27, 33]
[37, 98, 37, 38, 64, 11]
[44, 51, 82, 27, 43, 95]
[38, 37, 11, 76, 92, 63]
[48, 54, 52, 50, 79, 56]
[76, 87, 89, 38, 17, 87]
[14, 99, 46, 39, 31, 98]
[17, 59, 22, 96, 81, 67]
[26, 99, 83, 72, 48, 70]
[46, 48, 51, 43, 84, 99]
[78, 14, 44, 19, 43, 20]
[58, 87, 58, 45, 100, 17]
[35, 23, 85, 87, 59, 35]
[75, 53, 85, 13, 31, 50]
[100, 31, 68, 99, 66, 96]
[12, 73, 66, 41, 43, 46]
[10, 12, 41, 99, 86, 75]
[70, 42, 29, 46, 20, 39]
[98, 39, 77, 68, 15, 97]
[60, 54, 23, 39, 57, 18]
[93, 82, 52, 30, 17, 82]
[75, 55, 85, 48, 67, 10]
[34, 25, 65, 58, 75, 38]
[28, 88, 51, 53, 49, 83]
[37, 38, 94, 67, 70, 67]
[68, 26, 32, 97, 98, 57]
[57, 91, 60, 83, 84, 48]
[31, 36, 82, 52, 50, 81]
[87, 16, 22, 77, 39, 83]
[44, 18, 79, 99, 45, 92]
[17, 47, 34, 49, 52, 97]
[22, 46, 73, 51, 33, 50]
[56, 37, 30, 57, 77, 68]
[42, 43, 34, 26, 97, 56]
[88, 88, 64, 34, 54, 84]
[18, 48, 17, 27, 23, 42]
[15, 40, 81, 33, 26, 38]
[24, 47, 38, 21, 97, 77]
[18, 70, 67, 92, 43, 80]
[33, 26, 38, 18, 89, 76]
[44, 23, 42, 27, 100, 21]
[99, 72, 92, 37, 79, 89]
[20, 61, 47, 50, 82, 30]
[86, 96, 18, 22, 78, 27]
[63, 50, 57, 11, 84, 20]
[67, 78, 17, 49, 99, 89]
[81, 72, 32, 72, 66, 25]
]
需要区間:
[
[[0, 3], [4, 6], [7, 10], [11, 13], [14, 16], [17, 20]]
[[0, 4], [5, 7], [8, 10], [11, 13], [14, 16], [17, 20]]
[[0, 3], [4, 7], [8, 10], [11, 13], [14, 16], [17, 20]]
[[0, 4], [5, 7], [8, 10], [11, 13], [14, 16], [17, 20]]
[[0, 4], [5, 7], [8, 10], [11, 13], [14, 16], [17, 20]]
[[0, 3], [4, 6], [7, 10], [11, 13], [14, 16], [17, 20]]
[[0, 2], [3, 6], [7, 9], [10, 12], [13, 15], [16, 20]]
[[0, 3], [4, 7], [8, 10], [11, 13], [14, 16], [17, 20]]
[[0, 2], [3, 6], [7, 9], [10, 12], [13, 16], [17, 20]]
[[0, 4], [5, 7], [8, 10], [11, 13], [14, 16], [17, 20]]
[[0, 3], [4, 7], [8, 10], [11, 13], [14, 16], [17, 20]]
[[0, 3], [4, 7], [8, 10], [11, 13], [14, 16], [17, 20]]
[[0, 4], [5, 7], [8, 10], [11, 13], [14, 16], [17, 20]]
[[0, 3], [4, 6], [7, 10], [11, 13], [14, 16], [17, 20]]
[[0, 3], [4, 6], [7, 9], [10, 13], [14, 16], [17, 20]]
[[0, 4], [5, 7], [8, 10], [11, 13], [14, 16], [17, 20]]
[[0, 4], [5, 7], [8, 10], [11, 13], [14, 16], [17, 20]]
[[0, 2], [3, 6], [7, 10], [11, 13], [14, 16], [17, 20]]
[[0, 3], [4, 6], [7, 9], [10, 12], [13, 15], [16, 20]]
[[0, 4], [5, 7], [8, 10], [11, 13], [14, 16], [17, 20]]
[[0, 4], [5, 7], [8, 10], [11, 13], [14, 16], [17, 20]]
[[0, 4], [5, 7], [8, 10], [11, 13], [14, 16], [17, 20]]
[[0, 2], [3, 7], [8, 10], [11, 13], [14, 16], [17, 20]]
[[0, 4], [5, 7], [8, 10], [11, 13], [14, 16], [17, 20]]
[[0, 3], [4, 6], [7, 10], [11, 13], [14, 16], [17, 20]]
[[0, 3], [4, 6], [7, 10], [11, 13], [14, 16], [17, 20]]
[[0, 2], [3, 6], [7, 9], [10, 12], [13, 15], [16, 20]]
[[0, 3], [4, 7], [8, 10], [11, 13], [14, 16], [17, 20]]
[[0, 4], [5, 7], [8, 10], [11, 13], [14, 16], [17, 20]]
[[0, 3], [4, 6], [7, 10], [11, 13], [14, 16], [17, 20]]
[[0, 2], [3, 7], [8, 10], [11, 13], [14, 16], [17, 20]]
[[0, 3], [4, 7], [8, 10], [11, 13], [14, 16], [17, 20]]
[[0, 3], [4, 6], [7, 9], [10, 13], [14, 16], [17, 20]]
[[0, 2], [3, 7], [8, 10], [11, 13], [14, 16], [17, 20]]
[[0, 3], [4, 6], [7, 9], [10, 12], [13, 15], [16, 20]]
[[0, 3], [4, 7], [8, 10], [11, 13], [14, 16], [17, 20]]
[[0, 2], [3, 7], [8, 10], [11, 13], [14, 16], [17, 20]]
[[0, 2], [3, 7], [8, 10], [11, 13], [14, 16], [17, 20]]
[[0, 2], [3, 5], [6, 10], [11, 13], [14, 16], [17, 20]]
[[0, 4], [5, 7], [8, 10], [11, 13], [14, 16], [17, 20]]
[[0, 4], [5, 7], [8, 10], [11, 13], [14, 16], [17, 20]]
[[0, 4], [5, 7], [8, 10], [11, 13], [14, 16], [17, 20]]
[[0, 3], [4, 6], [7, 9], [10, 13], [14, 16], [17, 20]]
[[0, 2], [3, 7], [8, 10], [11, 13], [14, 16], [17, 20]]
[[0, 4], [5, 7], [8, 10], [11, 13], [14, 16], [17, 20]]
[[0, 2], [3, 7], [8, 10], [11, 13], [14, 16], [17, 20]]
[[0, 3], [4, 6], [7, 10], [11, 13], [14, 16], [17, 20]]
[[0, 4], [5, 7], [8, 10], [11, 13], [14, 16], [17, 20]]
[[0, 2], [3, 6], [7, 10], [11, 13], [14, 16], [17, 20]]
[[0, 4], [5, 7], [8, 10], [11, 13], [14, 16], [17, 20]]
[[0, 2], [3, 5], [6, 8], [9, 13], [14, 16], [17, 20]]
[[0, 2], [3, 6], [7, 10], [11, 13], [14, 16], [17, 20]]
[[0, 2], [3, 5], [6, 8], [9, 11], [12, 14], [15, 20]]
[[0, 3], [4, 6], [7, 9], [10, 12], [13, 15], [16, 20]]
[[0, 3], [4, 6], [7, 9], [10, 13], [14, 16], [17, 20]]
[[0, 3], [4, 6], [7, 10], [11, 13], [14, 16], [17, 20]]
[[0, 3], [4, 7], [8, 10], [11, 13], [14, 16], [17, 20]]
[[0, 4], [5, 7], [8, 10], [11, 13], [14, 16], [17, 20]]
[[0, 3], [4, 7], [8, 10], [11, 13], [14, 16], [17, 20]]
[[0, 3], [4, 6], [7, 10], [11, 13], [14, 16], [17, 20]]
[[0, 2], [3, 6], [7, 10], [11, 13], [14, 16], [17, 20]]
[[0, 3], [4, 6], [7, 10], [11, 13], [14, 16], [17, 20]]
[[0, 4], [5, 7], [8, 10], [11, 13], [14, 16], [17, 20]]
[[0, 3], [4, 7], [8, 10], [11, 13], [14, 16], [17, 20]]
[[0, 2], [3, 6], [7, 9], [10, 13], [14, 16], [17, 20]]
[[0, 3], [4, 6], [7, 10], [11, 13], [14, 16], [17, 20]]
[[0, 2], [3, 6], [7, 10], [11, 13], [14, 16], [17, 20]]
[[0, 3], [4, 6], [7, 9], [10, 13], [14, 16], [17, 20]]
[[0, 3], [4, 7], [8, 10], [11, 13], [14, 16], [17, 20]]
[[0, 4], [5, 7], [8, 10], [11, 13], [14, 16], [17, 20]]
[[0, 2], [3, 7], [8, 10], [11, 13], [14, 16], [17, 20]]
[[0, 4], [5, 7], [8, 10], [11, 13], [14, 16], [17, 20]]
[[0, 3], [4, 6], [7, 10], [11, 13], [14, 16], [17, 20]]
[[0, 2], [3, 6], [7, 10], [11, 13], [14, 16], [17, 20]]
[[0, 4], [5, 7], [8, 10], [11, 13], [14, 16], [17, 20]]
[[0, 2], [3, 7], [8, 10], [11, 13], [14, 16], [17, 20]]
[[0, 2], [3, 6], [7, 10], [11, 13], [14, 16], [17, 20]]
[[0, 4], [5, 7], [8, 10], [11, 13], [14, 16], [17, 20]]
[[0, 3], [4, 6], [7, 9], [10, 13], [14, 16], [17, 20]]
[[0, 2], [3, 6], [7, 9], [10, 13], [14, 16], [17, 20]]
[[0, 2], [3, 7], [8, 10], [11, 13], [14, 16], [17, 20]]
[[0, 3], [4, 6], [7, 9], [10, 12], [13, 16], [17, 20]]
[[0, 2], [3, 7], [8, 10], [11, 13], [14, 16], [17, 20]]
[[0, 4], [5, 7], [8, 10], [11, 13], [14, 16], [17, 20]]
[[0, 3], [4, 6], [7, 10], [11, 13], [14, 16], [17, 20]]
[[0, 3], [4, 7], [8, 10], [11, 13], [14, 16], [17, 20]]
[[0, 4], [5, 7], [8, 10], [11, 13], [14, 16], [17, 20]]
[[0, 4], [5, 7], [8, 10], [11, 13], [14, 16], [17, 20]]
[[0, 3], [4, 6], [7, 9], [10, 12], [13, 16], [17, 20]]
[[0, 3], [4, 6], [7, 10], [11, 13], [14, 16], [17, 20]]
[[0, 4], [5, 7], [8, 10], [11, 13], [14, 16], [17, 20]]
[[0, 4], [5, 7], [8, 10], [11, 13], [14, 16], [17, 20]]
[[0, 4], [5, 7], [8, 10], [11, 13], [14, 16], [17, 20]]
[[0, 3], [4, 6], [7, 10], [11, 13], [14, 16], [17, 20]]
[[0, 4], [5, 7], [8, 10], [11, 13], [14, 16], [17, 20]]
[[0, 4], [5, 7], [8, 10], [11, 13], [14, 16], [17, 20]]
[[0, 2], [3, 6], [7, 10], [11, 13], [14, 16], [17, 20]]
[[0, 2], [3, 5], [6, 8], [9, 12], [13, 15], [16, 20]]
[[0, 4], [5, 7], [8, 10], [11, 13], [14, 16], [17, 20]]
[[0, 4], [5, 7], [8, 10], [11, 13], [14, 16], [17, 20]]
]
Max value: 2000
====================
入札者数: 100
財の個数: 20
傾き:
[
[93, 82, 45, 66, 19, 93, 90]
[26, 29, 40, 26, 51, 95, 22]
[60, 48, 46, 45, 34, 96, 70]
[55, 61, 16, 31, 59, 93, 30]
[43, 29, 86, 73, 52, 65, 96]
[85, 74, 28, 26, 21, 78, 35]
[14, 72, 89, 10, 95, 56, 17]
[15, 68, 54, 24, 11, 65, 33]
[79, 62, 84, 40, 82, 89, 11]
[44, 92, 71, 92, 31, 76, 37]
[93, 39, 15, 45, 98, 89, 62]
[48, 84, 85, 57, 17, 32, 25]
[48, 54, 70, 22, 27, 29, 85]
[76, 99, 21, 15, 30, 15, 42]
[46, 44, 12, 50, 89, 51, 32]
[19, 35, 77, 15, 79, 87, 94]
[32, 37, 14, 25, 29, 51, 85]
[95, 85, 61, 12, 56, 70, 57]
[46, 79, 50, 23, 74, 48, 62]
[51, 65, 13, 21, 37, 69, 58]
[40, 14, 12, 52, 64, 34, 87]
[33, 50, 13, 36, 24, 97, 12]
[47, 24, 92, 37, 61, 20, 80]
[25, 11, 50, 17, 29, 39, 82]
[31, 45, 95, 25, 38, 11, 40]
[81, 94, 16, 91, 83, 17, 75]
[69, 80, 21, 19, 78, 62, 85]
[30, 92, 41, 70, 26, 30, 70]
[36, 36, 99, 51, 69, 63, 72]
[22, 96, 75, 99, 60, 35, 99]
[55, 48, 76, 13, 59, 49, 91]
[74, 95, 29, 77, 22, 26, 17]
[28, 16, 69, 80, 37, 39, 50]
[87, 30, 43, 62, 70, 81, 81]
[74, 88, 12, 37, 43, 46, 44]
[83, 37, 84, 46, 69, 92, 46]
[40, 97, 73, 23, 52, 93, 60]
[83, 65, 38, 20, 78, 17, 62]
[92, 70, 90, 77, 43, 99, 69]
[42, 87, 21, 94, 69, 84, 81]
[59, 53, 81, 52, 88, 93, 43]
[72, 93, 73, 73, 72, 86, 83]
[35, 37, 54, 66, 91, 100, 72]
[86, 95, 99, 94, 67, 42, 72]
[13, 34, 73, 49, 81, 55, 60]
[84, 20, 12, 72, 40, 35, 63]
[30, 76, 69, 99, 66, 38, 14]
[44, 85, 19, 66, 98, 78, 92]
[54, 76, 74, 30, 15, 31, 95]
[86, 90, 26, 35, 55, 63, 11]
[20, 11, 58, 27, 18, 74, 56]
[28, 40, 73, 36, 82, 11, 85]
[11, 96, 71, 13, 18, 26, 35]
[27, 96, 41, 98, 38, 73, 29]
[67, 75, 75, 70, 51, 90, 61]
[48, 15, 53, 33, 65, 43, 46]
[78, 15, 64, 23, 12, 24, 19]
[75, 36, 27, 95, 47, 70, 26]
[39, 25, 95, 97, 18, 32, 67]
[89, 41, 89, 63, 79, 86, 87]
[23, 21, 21, 29, 10, 46, 89]
[99, 63, 98, 24, 14, 28, 86]
[89, 32, 26, 60, 80, 52, 64]
[17, 46, 100, 76, 96, 16, 21]
[28, 62, 79, 29, 48, 63, 55]
[46, 76, 35, 41, 30, 90, 51]
[32, 46, 87, 67, 66, 34, 52]
[42, 71, 42, 72, 75, 85, 77]
[20, 27, 28, 59, 65, 98, 10]
[87, 31, 69, 92, 35, 88, 45]
[56, 94, 13, 58, 97, 93, 77]
[65, 82, 90, 62, 100, 53, 57]
[85, 32, 66, 98, 18, 64, 22]
[82, 10, 80, 47, 99, 12, 16]
[50, 95, 26, 69, 26, 88, 69]
[78, 70, 95, 90, 78, 93, 46]
[32, 21, 30, 84, 23, 94, 83]
[83, 13, 47, 94, 75, 52, 27]
[49, 36, 35, 11, 50, 39, 42]
[44, 89, 74, 51, 30, 28, 23]
[70, 93, 80, 25, 20, 93, 36]
[93, 59, 44, 70, 87, 26, 95]
[73, 91, 50, 52, 25, 12, 30]
[22, 15, 61, 10, 53, 37, 73]
[46, 23, 46, 28, 75, 39, 67]
[52, 74, 15, 78, 65, 14, 94]
[35, 64, 88, 36, 94, 50, 17]
[40, 12, 29, 89, 50, 95, 83]
[19, 92, 13, 90, 19, 35, 26]
[58, 47, 77, 52, 54, 44, 49]
[54, 14, 48, 29, 95, 74, 34]
[71, 79, 14, 50, 39, 42, 59]
[37, 24, 100, 62, 45, 35, 10]
[56, 13, 79, 44, 87, 86, 52]
[51, 50, 82, 92, 98, 20, 80]
[23, 55, 89, 90, 47, 25, 44]
[78, 65, 28, 51, 19, 46, 99]
[45, 97, 71, 54, 72, 75, 50]
[35, 15, 10, 19, 67, 26, 71]
[94, 38, 20, 12, 32, 37, 32]
]
需要区間:
[
[[0, 5], [6, 8], [9, 10], [11, 13], [14, 15], [16, 17], [18, 20]]
[[0, 6], [7, 8], [9, 10], [11, 13], [14, 15], [16, 17], [18, 20]]
[[0, 6], [7, 8], [9, 10], [11, 13], [14, 15], [16, 17], [18, 20]]
[[0, 5], [6, 8], [9, 11], [12, 13], [14, 15], [16, 17], [18, 20]]
[[0, 7], [8, 9], [10, 11], [12, 13], [14, 15], [16, 17], [18, 20]]
[[0, 1], [2, 3], [4, 11], [12, 13], [14, 15], [16, 17], [18, 20]]
[[0, 3], [4, 9], [10, 11], [12, 13], [14, 15], [16, 17], [18, 20]]
[[0, 7], [8, 9], [10, 11], [12, 13], [14, 15], [16, 17], [18, 20]]
[[0, 7], [8, 9], [10, 11], [12, 13], [14, 15], [16, 17], [18, 20]]
[[0, 6], [7, 9], [10, 11], [12, 13], [14, 15], [16, 17], [18, 20]]
[[0, 2], [3, 9], [10, 11], [12, 13], [14, 15], [16, 17], [18, 20]]
[[0, 4], [5, 9], [10, 11], [12, 13], [14, 15], [16, 17], [18, 20]]
[[0, 7], [8, 9], [10, 11], [12, 13], [14, 15], [16, 17], [18, 20]]
[[0, 3], [4, 5], [6, 7], [8, 13], [14, 15], [16, 17], [18, 20]]
[[0, 4], [5, 7], [8, 9], [10, 12], [13, 14], [15, 16], [17, 20]]
[[0, 4], [5, 9], [10, 11], [12, 13], [14, 15], [16, 17], [18, 20]]
[[0, 7], [8, 9], [10, 11], [12, 13], [14, 15], [16, 17], [18, 20]]
[[0, 5], [6, 9], [10, 11], [12, 13], [14, 15], [16, 17], [18, 20]]
[[0, 1], [2, 5], [6, 7], [8, 10], [11, 13], [14, 17], [18, 20]]
[[0, 1], [2, 4], [5, 7], [8, 12], [13, 14], [15, 17], [18, 20]]
[[0, 2], [3, 4], [5, 6], [7, 13], [14, 15], [16, 17], [18, 20]]
[[0, 3], [4, 7], [8, 10], [11, 13], [14, 15], [16, 17], [18, 20]]
[[0, 2], [3, 4], [5, 6], [7, 10], [11, 13], [14, 16], [17, 20]]
[[0, 2], [3, 9], [10, 11], [12, 13], [14, 15], [16, 17], [18, 20]]
[[0, 5], [6, 8], [9, 11], [12, 13], [14, 15], [16, 17], [18, 20]]
[[0, 7], [8, 9], [10, 11], [12, 13], [14, 15], [16, 17], [18, 20]]
[[0, 6], [7, 9], [10, 11], [12, 13], [14, 15], [16, 17], [18, 20]]
[[0, 2], [3, 9], [10, 11], [12, 13], [14, 15], [16, 17], [18, 20]]
[[0, 4], [5, 7], [8, 11], [12, 13], [14, 15], [16, 17], [18, 20]]
[[0, 3], [4, 9], [10, 11], [12, 13], [14, 15], [16, 17], [18, 20]]
[[0, 5], [6, 7], [8, 11], [12, 13], [14, 15], [16, 17], [18, 20]]
[[0, 1], [2, 8], [9, 10], [11, 13], [14, 15], [16, 17], [18, 20]]
[[0, 1], [2, 7], [8, 9], [10, 12], [13, 14], [15, 17], [18, 20]]
[[0, 5], [6, 9], [10, 11], [12, 13], [14, 15], [16, 17], [18, 20]]
[[0, 2], [3, 5], [6, 7], [8, 12], [13, 14], [15, 16], [17, 20]]
[[0, 5], [6, 8], [9, 10], [11, 12], [13, 14], [15, 16], [17, 20]]
[[0, 3], [4, 6], [7, 11], [12, 13], [14, 15], [16, 17], [18, 20]]
[[0, 5], [6, 7], [8, 9], [10, 11], [12, 14], [15, 16], [17, 20]]
[[0, 1], [2, 5], [6, 9], [10, 13], [14, 15], [16, 17], [18, 20]]
[[0, 2], [3, 4], [5, 6], [7, 13], [14, 15], [16, 17], [18, 20]]
[[0, 4], [5, 6], [7, 10], [11, 13], [14, 15], [16, 17], [18, 20]]
[[0, 3], [4, 8], [9, 11], [12, 13], [14, 15], [16, 17], [18, 20]]
[[0, 5], [6, 9], [10, 11], [12, 13], [14, 15], [16, 17], [18, 20]]
[[0, 4], [5, 6], [7, 8], [9, 13], [14, 15], [16, 17], [18, 20]]
[[0, 2], [3, 8], [9, 11], [12, 13], [14, 15], [16, 17], [18, 20]]
[[0, 6], [7, 8], [9, 11], [12, 13], [14, 15], [16, 17], [18, 20]]
[[0, 6], [7, 9], [10, 11], [12, 13], [14, 15], [16, 17], [18, 20]]
[[0, 2], [3, 7], [8, 11], [12, 13], [14, 15], [16, 17], [18, 20]]
[[0, 2], [3, 7], [8, 10], [11, 13], [14, 15], [16, 17], [18, 20]]
[[0, 3], [4, 5], [6, 8], [9, 11], [12, 14], [15, 16], [17, 20]]
[[0, 6], [7, 8], [9, 11], [12, 13], [14, 15], [16, 17], [18, 20]]
[[0, 3], [4, 6], [7, 10], [11, 12], [13, 15], [16, 17], [18, 20]]
[[0, 6], [7, 8], [9, 11], [12, 13], [14, 15], [16, 17], [18, 20]]
[[0, 1], [2, 6], [7, 11], [12, 13], [14, 15], [16, 17], [18, 20]]
[[0, 7], [8, 9], [10, 11], [12, 13], [14, 15], [16, 17], [18, 20]]
[[0, 5], [6, 9], [10, 11], [12, 13], [14, 15], [16, 17], [18, 20]]
[[0, 7], [8, 9], [10, 11], [12, 13], [14, 15], [16, 17], [18, 20]]
[[0, 6], [7, 8], [9, 10], [11, 13], [14, 15], [16, 17], [18, 20]]
[[0, 1], [2, 3], [4, 9], [10, 12], [13, 15], [16, 17], [18, 20]]
[[0, 1], [2, 3], [4, 8], [9, 10], [11, 15], [16, 17], [18, 20]]
[[0, 6], [7, 8], [9, 11], [12, 13], [14, 15], [16, 17], [18, 20]]
[[0, 5], [6, 8], [9, 10], [11, 13], [14, 15], [16, 17], [18, 20]]
[[0, 2], [3, 9], [10, 11], [12, 13], [14, 15], [16, 17], [18, 20]]
[[0, 4], [5, 8], [9, 11], [12, 13], [14, 15], [16, 17], [18, 20]]
[[0, 4], [5, 6], [7, 8], [9, 11], [12, 14], [15, 16], [17, 20]]
[[0, 7], [8, 9], [10, 11], [12, 13], [14, 15], [16, 17], [18, 20]]
[[0, 2], [3, 6], [7, 8], [9, 10], [11, 12], [13, 14], [15, 20]]
[[0, 6], [7, 8], [9, 11], [12, 13], [14, 15], [16, 17], [18, 20]]
[[0, 7], [8, 9], [10, 11], [12, 13], [14, 15], [16, 17], [18, 20]]
[[0, 1], [2, 6], [7, 8], [9, 10], [11, 15], [16, 17], [18, 20]]
[[0, 3], [4, 7], [8, 9], [10, 12], [13, 14], [15, 17], [18, 20]]
[[0, 4], [5, 6], [7, 10], [11, 12], [13, 15], [16, 17], [18, 20]]
[[0, 4], [5, 8], [9, 11], [12, 13], [14, 15], [16, 17], [18, 20]]
[[0, 3], [4, 6], [7, 11], [12, 13], [14, 15], [16, 17], [18, 20]]
[[0, 1], [2, 9], [10, 11], [12, 13], [14, 15], [16, 17], [18, 20]]
[[0, 5], [6, 9], [10, 11], [12, 13], [14, 15], [16, 17], [18, 20]]
[[0, 4], [5, 6], [7, 9], [10, 11], [12, 15], [16, 17], [18, 20]]
[[0, 4], [5, 9], [10, 11], [12, 13], [14, 15], [16, 17], [18, 20]]
[[0, 1], [2, 8], [9, 11], [12, 13], [14, 15], [16, 17], [18, 20]]
[[0, 6], [7, 8], [9, 10], [11, 13], [14, 15], [16, 17], [18, 20]]
[[0, 2], [3, 8], [9, 10], [11, 13], [14, 15], [16, 17], [18, 20]]
[[0, 7], [8, 9], [10, 11], [12, 13], [14, 15], [16, 17], [18, 20]]
[[0, 7], [8, 9], [10, 11], [12, 13], [14, 15], [16, 17], [18, 20]]
[[0, 7], [8, 9], [10, 11], [12, 13], [14, 15], [16, 17], [18, 20]]
[[0, 7], [8, 9], [10, 11], [12, 13], [14, 15], [16, 17], [18, 20]]
[[0, 2], [3, 7], [8, 11], [12, 13], [14, 15], [16, 17], [18, 20]]
[[0, 7], [8, 9], [10, 11], [12, 13], [14, 15], [16, 17], [18, 20]]
[[0, 4], [5, 6], [7, 8], [9, 12], [13, 15], [16, 17], [18, 20]]
[[0, 6], [7, 9], [10, 11], [12, 13], [14, 15], [16, 17], [18, 20]]
[[0, 2], [3, 7], [8, 11], [12, 13], [14, 15], [16, 17], [18, 20]]
[[0, 3], [4, 6], [7, 9], [10, 13], [14, 15], [16, 17], [18, 20]]
[[0, 2], [3, 5], [6, 7], [8, 9], [10, 12], [13, 16], [17, 20]]
[[0, 6], [7, 8], [9, 10], [11, 13], [14, 15], [16, 17], [18, 20]]
[[0, 5], [6, 9], [10, 11], [12, 13], [14, 15], [16, 17], [18, 20]]
[[0, 3], [4, 6], [7, 8], [9, 11], [12, 15], [16, 17], [18, 20]]
[[0, 7], [8, 9], [10, 11], [12, 13], [14, 15], [16, 17], [18, 20]]
[[0, 2], [3, 9], [10, 11], [12, 13], [14, 15], [16, 17], [18, 20]]
[[0, 5], [6, 8], [9, 11], [12, 13], [14, 15], [16, 17], [18, 20]]
[[0, 2], [3, 6], [7, 10], [11, 12], [13, 15], [16, 17], [18, 20]]
[[0, 7], [8, 9], [10, 11], [12, 13], [14, 15], [16, 17], [18, 20]]
]
Max value: 2000
====================
入札者数: 100
財の個数: 20
傾き:
[
[84, 60, 76, 61, 55, 95]
[69, 14, 61, 23, 28, 49]
[30, 68, 97, 45, 95, 61]
[97, 47, 13, 94, 15, 38]
[18, 21, 58, 96, 71, 77]
[73, 64, 53, 75, 98, 91]
[28, 10, 82, 38, 81, 27]
[49, 16, 23, 65, 77, 75]
[49, 51, 32, 15, 77, 69]
[98, 13, 47, 80, 83, 33]
[25, 38, 98, 49, 43, 11]
[93, 57, 39, 71, 94, 48]
[26, 67, 67, 61, 19, 94]
[11, 74, 79, 78, 46, 62]
[100, 79, 71, 63, 36, 67]
[98, 52, 13, 96, 51, 12]
[57, 61, 43, 94, 86, 49]
[85, 97, 92, 46, 88, 32]
[81, 35, 57, 86, 53, 12]
[89, 91, 89, 99, 90, 32]
[39, 34, 54, 18, 47, 71]
[80, 15, 62, 42, 99, 48]
[50, 19, 70, 98, 48, 64]
[23, 59, 59, 95, 92, 64]
[48, 72, 62, 96, 96, 83]
[83, 94, 90, 99, 17, 48]
[53, 72, 90, 71, 45, 85]
[41, 91, 55, 77, 68, 59]
[12, 26, 98, 82, 89, 72]
[76, 30, 25, 82, 24, 65]
[65, 14, 80, 92, 37, 98]
[55, 86, 61, 30, 32, 38]
[100, 32, 87, 26, 78, 68]
[85, 13, 29, 44, 86, 43]
[78, 32, 30, 26, 25, 21]
[32, 23, 66, 100, 51, 83]
[45, 41, 56, 11, 89, 60]
[97, 86, 48, 77, 21, 17]
[29, 17, 41, 32, 98, 57]
[81, 27, 99, 25, 93, 60]
[96, 80, 64, 98, 44, 36]
[79, 72, 84, 36, 81, 55]
[17, 60, 79, 25, 50, 35]
[85, 95, 88, 42, 94, 33]
[80, 38, 93, 42, 11, 14]
[68, 94, 82, 58, 40, 28]
[90, 46, 33, 78, 50, 80]
[65, 48, 75, 54, 11, 51]
[82, 62, 89, 32, 71, 69]
[35, 50, 67, 68, 68, 91]
[95, 26, 70, 79, 62, 40]
[91, 23, 90, 71, 80, 15]
[80, 61, 80, 79, 43, 95]
[77, 71, 96, 15, 30, 70]
[11, 28, 11, 75, 55, 20]
[20, 21, 61, 53, 83, 70]
[44, 75, 10, 95, 79, 65]
[21, 58, 48, 26, 90, 51]
[63, 30, 81, 97, 88, 71]
[96, 71, 48, 75, 63, 10]
[84, 51, 53, 94, 74, 68]
[83, 94, 57, 39, 66, 50]
[41, 38, 72, 67, 27, 63]
[25, 30, 43, 74, 99, 40]
[41, 31, 54, 57, 77, 57]
[40, 73, 52, 10, 76, 56]
[66, 26, 15, 56, 100, 93]
[16, 57, 95, 84, 40, 93]
[53, 87, 15, 35, 73, 27]
[12, 74, 37, 97, 65, 52]
[47, 59, 76, 82, 100, 82]
[74, 55, 13, 22, 34, 98]
[17, 36, 79, 85, 50, 21]
[18, 88, 37, 20, 71, 72]
[66, 28, 19, 18, 61, 53]
[64, 68, 41, 10, 19, 56]
[53, 90, 95, 74, 47, 86]
[53, 60, 56, 53, 13, 32]
[38, 68, 15, 84, 81, 48]
[30, 86, 52, 44, 60, 66]
[89, 44, 63, 62, 26, 21]
[25, 84, 46, 70, 57, 12]
[20, 30, 29, 20, 70, 28]
[42, 10, 84, 86, 21, 99]
[40, 23, 44, 74, 44, 44]
[22, 72, 97, 17, 43, 95]
[65, 80, 59, 82, 71, 62]
[28, 89, 47, 40, 21, 62]
[53, 51, 47, 69, 97, 45]
[26, 65, 12, 52, 46, 23]
[56, 35, 28, 82, 95, 31]
[50, 57, 65, 51, 32, 62]
[12, 59, 10, 73, 16, 70]
[38, 17, 14, 42, 42, 31]
[33, 39, 41, 30, 91, 50]
[70, 54, 50, 48, 19, 61]
[83, 39, 36, 59, 24, 27]
[80, 46, 45, 79, 96, 24]
[38, 97, 41, 79, 41, 21]
[72, 99, 20, 95, 81, 61]
]
需要区間:
[
[[0, 3], [4, 7], [8, 10], [11, 13], [14, 16], [17, 20]]
[[0, 2], [3, 5], [6, 9], [10, 13], [14, 16], [17, 20]]
[[0, 3], [4, 7], [8, 10], [11, 13], [14, 16], [17, 20]]
[[0, 4], [5, 7], [8, 10], [11, 13], [14, 16], [17, 20]]
[[0, 3], [4, 7], [8, 10], [11, 13], [14, 16], [17, 20]]
[[0, 4], [5, 7], [8, 10], [11, 13], [14, 16], [17, 20]]
[[0, 4], [5, 7], [8, 10], [11, 13], [14, 16], [17, 20]]
[[0, 4], [5, 7], [8, 10], [11, 13], [14, 16], [17, 20]]
[[0, 4], [5, 7], [8, 10], [11, 13], [14, 16], [17, 20]]
[[0, 3], [4, 7], [8, 10], [11, 13], [14, 16], [17, 20]]
[[0, 3], [4, 6], [7, 10], [11, 13], [14, 16], [17, 20]]
[[0, 2], [3, 5], [6, 8], [9, 11], [12, 16], [17, 20]]
[[0, 4], [5, 7], [8, 10], [11, 13], [14, 16], [17, 20]]
[[0, 3], [4, 7], [8, 10], [11, 13], [14, 16], [17, 20]]
[[0, 4], [5, 7], [8, 10], [11, 13], [14, 16], [17, 20]]
[[0, 3], [4, 7], [8, 10], [11, 13], [14, 16], [17, 20]]
[[0, 4], [5, 7], [8, 10], [11, 13], [14, 16], [17, 20]]
[[0, 4], [5, 7], [8, 10], [11, 13], [14, 16], [17, 20]]
[[0, 4], [5, 7], [8, 10], [11, 13], [14, 16], [17, 20]]
[[0, 4], [5, 7], [8, 10], [11, 13], [14, 16], [17, 20]]
[[0, 4], [5, 7], [8, 10], [11, 13], [14, 16], [17, 20]]
[[0, 2], [3, 7], [8, 10], [11, 13], [14, 16], [17, 20]]
[[0, 2], [3, 6], [7, 10], [11, 13], [14, 16], [17, 20]]
[[0, 2], [3, 6], [7, 10], [11, 13], [14, 16], [17, 20]]
[[0, 4], [5, 7], [8, 10], [11, 13], [14, 16], [17, 20]]
[[0, 3], [4, 7], [8, 10], [11, 13], [14, 16], [17, 20]]
[[0, 3], [4, 6], [7, 10], [11, 13], [14, 16], [17, 20]]
[[0, 4], [5, 7], [8, 10], [11, 13], [14, 16], [17, 20]]
[[0, 2], [3, 7], [8, 10], [11, 13], [14, 16], [17, 20]]
[[0, 4], [5, 7], [8, 10], [11, 13], [14, 16], [17, 20]]
[[0, 2], [3, 6], [7, 9], [10, 13], [14, 16], [17, 20]]
[[0, 2], [3, 7], [8, 10], [11, 13], [14, 16], [17, 20]]
[[0, 2], [3, 5], [6, 9], [10, 12], [13, 15], [16, 20]]
[[0, 2], [3, 6], [7, 10], [11, 13], [14, 16], [17, 20]]
[[0, 2], [3, 5], [6, 10], [11, 13], [14, 16], [17, 20]]
[[0, 2], [3, 6], [7, 9], [10, 13], [14, 16], [17, 20]]
[[0, 4], [5, 7], [8, 10], [11, 13], [14, 16], [17, 20]]
[[0, 3], [4, 7], [8, 10], [11, 13], [14, 16], [17, 20]]
[[0, 4], [5, 7], [8, 10], [11, 13], [14, 16], [17, 20]]
[[0, 2], [3, 5], [6, 10], [11, 13], [14, 16], [17, 20]]
[[0, 3], [4, 7], [8, 10], [11, 13], [14, 16], [17, 20]]
[[0, 4], [5, 7], [8, 10], [11, 13], [14, 16], [17, 20]]
[[0, 4], [5, 7], [8, 10], [11, 13], [14, 16], [17, 20]]
[[0, 2], [3, 6], [7, 9], [10, 12], [13, 16], [17, 20]]
[[0, 3], [4, 6], [7, 10], [11, 13], [14, 16], [17, 20]]
[[0, 2], [3, 6], [7, 10], [11, 13], [14, 16], [17, 20]]
[[0, 2], [3, 5], [6, 10], [11, 13], [14, 16], [17, 20]]
[[0, 2], [3, 7], [8, 10], [11, 13], [14, 16], [17, 20]]
[[0, 4], [5, 7], [8, 10], [11, 13], [14, 16], [17, 20]]
[[0, 2], [3, 7], [8, 10], [11, 13], [14, 16], [17, 20]]
[[0, 4], [5, 7], [8, 10], [11, 13], [14, 16], [17, 20]]
[[0, 3], [4, 6], [7, 9], [10, 12], [13, 15], [16, 20]]
[[0, 4], [5, 7], [8, 10], [11, 13], [14, 16], [17, 20]]
[[0, 4], [5, 7], [8, 10], [11, 13], [14, 16], [17, 20]]
[[0, 3], [4, 6], [7, 9], [10, 12], [13, 15], [16, 20]]
[[0, 4], [5, 7], [8, 10], [11, 13], [14, 16], [17, 20]]
[[0, 4], [5, 7], [8, 10], [11, 13], [14, 16], [17, 20]]
[[0, 4], [5, 7], [8, 10], [11, 13], [14, 16], [17, 20]]
[[0, 3], [4, 6], [7, 9], [10, 13], [14, 16], [17, 20]]
[[0, 3], [4, 7], [8, 10], [11, 13], [14, 16], [17, 20]]
[[0, 3], [4, 7], [8, 10], [11, 13], [14, 16], [17, 20]]
[[0, 3], [4, 7], [8, 10], [11, 13], [14, 16], [17, 20]]
[[0, 3], [4, 6], [7, 10], [11, 13], [14, 16], [17, 20]]
[[0, 2], [3, 5], [6, 10], [11, 13], [14, 16], [17, 20]]
[[0, 4], [5, 7], [8, 10], [11, 13], [14, 16], [17, 20]]
[[0, 4], [5, 7], [8, 10], [11, 13], [14, 16], [17, 20]]
[[0, 3], [4, 6], [7, 9], [10, 12], [13, 15], [16, 20]]
[[0, 2], [3, 5], [6, 10], [11, 13], [14, 16], [17, 20]]
[[0, 3], [4, 6], [7, 9], [10, 13], [14, 16], [17, 20]]
[[0, 2], [3, 5], [6, 9], [10, 13], [14, 16], [17, 20]]
[[0, 4], [5, 7], [8, 10], [11, 13], [14, 16], [17, 20]]
[[0, 3], [4, 7], [8, 10], [11, 13], [14, 16], [17, 20]]
[[0, 4], [5, 7], [8, 10], [11, 13], [14, 16], [17, 20]]
[[0, 2], [3, 7], [8, 10], [11, 13], [14, 16], [17, 20]]
[[0, 2], [3, 6], [7, 9], [10, 12], [13, 16], [17, 20]]
[[0, 3], [4, 7], [8, 10], [11, 13], [14, 16], [17, 20]]
[[0, 2], [3, 6], [7, 10], [11, 13], [14, 16], [17, 20]]
[[0, 2], [3, 7], [8, 10], [11, 13], [14, 16], [17, 20]]
[[0, 4], [5, 7], [8, 10], [11, 13], [14, 16], [17, 20]]
[[0, 2], [3, 7], [8, 10], [11, 13], [14, 16], [17, 20]]
[[0, 4], [5, 7], [8, 10], [11, 13], [14, 16], [17, 20]]
[[0, 4], [5, 7], [8, 10], [11, 13], [14, 16], [17, 20]]
[[0, 4], [5, 7], [8, 10], [11, 13], [14, 16], [17, 20]]
[[0, 3], [4, 7], [8, 10], [11, 13], [14, 16], [17, 20]]
[[0, 3], [4, 6], [7, 9], [10, 13], [14, 16], [17, 20]]
[[0, 4], [5, 7], [8, 10], [11, 13], [14, 16], [17, 20]]
[[0, 4], [5, 7], [8, 10], [11, 13], [14, 16], [17, 20]]
[[0, 3], [4, 7], [8, 10], [11, 13], [14, 16], [17, 20]]
[[0, 4], [5, 7], [8, 10], [11, 13], [14, 16], [17, 20]]
[[0, 4], [5, 7], [8, 10], [11, 13], [14, 16], [17, 20]]
[[0, 3], [4, 6], [7, 10], [11, 13], [14, 16], [17, 20]]
[[0, 3], [4, 6], [7, 10], [11, 13], [14, 16], [17, 20]]
[[0, 4], [5, 7], [8, 10], [11, 13], [14, 16], [17, 20]]
[[0, 2], [3, 7], [8, 10], [11, 13], [14, 16], [17, 20]]
[[0, 4], [5, 7], [8, 10], [11, 13], [14, 16], [17, 20]]
[[0, 2], [3, 7], [8, 10], [11, 13], [14, 16], [17, 20]]
[[0, 4], [5, 7], [8, 10], [11, 13], [14, 16], [17, 20]]
[[0, 4], [5, 7], [8, 10], [11, 13], [14, 16], [17, 20]]
[[0, 3], [4, 6], [7, 9], [10, 13], [14, 16], [17, 20]]
[[0, 2], [3, 6], [7, 9], [10, 13], [14, 16], [17, 20]]
]
Max value: 2000
====================
入札者数: 100
財の個数: 20
傾き:
[
[63, 64, 24, 66, 85]
[52, 63, 29, 58, 26]
[56, 34, 52, 12, 61]
[97, 22, 11, 47, 79]
[81, 22, 17, 14, 13]
[60, 47, 87, 10, 97]
[51, 62, 77, 28, 70]
[61, 76, 76, 80, 38]
[42, 41, 55, 36, 44]
[38, 56, 84, 32, 17]
[53, 82, 35, 75, 13]
[67, 85, 68, 10, 79]
[67, 98, 72, 96, 95]
[60, 74, 91, 12, 91]
[19, 57, 31, 51, 68]
[19, 60, 70, 86, 33]
[23, 30, 47, 75, 48]
[41, 47, 22, 16, 31]
[98, 36, 43, 70, 50]
[98, 65, 31, 96, 33]
[50, 46, 47, 26, 16]
[74, 14, 17, 95, 66]
[25, 59, 12, 88, 12]
[91, 27, 21, 29, 36]
[55, 80, 27, 38, 74]
[75, 37, 13, 29, 47]
[35, 94, 27, 98, 70]
[46, 23, 17, 25, 97]
[42, 57, 99, 60, 23]
[27, 53, 34, 28, 57]
[86, 68, 52, 39, 60]
[90, 79, 54, 50, 81]
[89, 79, 45, 17, 90]
[85, 42, 32, 36, 57]
[50, 92, 31, 90, 30]
[91, 43, 57, 73, 81]
[49, 35, 75, 67, 12]
[30, 92, 51, 56, 18]
[96, 12, 76, 67, 23]
[43, 39, 59, 35, 12]
[92, 34, 60, 61, 92]
[10, 52, 97, 11, 95]
[72, 21, 96, 16, 74]
[12, 26, 79, 31, 36]
[42, 59, 29, 42, 54]
[73, 52, 59, 91, 81]
[99, 61, 65, 98, 50]
[51, 36, 21, 12, 29]
[58, 53, 20, 59, 75]
[27, 32, 86, 90, 14]
[14, 82, 81, 29, 38]
[12, 47, 82, 77, 78]
[26, 62, 94, 55, 68]
[10, 29, 16, 27, 36]
[15, 97, 15, 65, 72]
[78, 89, 88, 47, 52]
[33, 29, 73, 26, 13]
[42, 71, 100, 35, 13]
[84, 15, 73, 78, 38]
[15, 16, 46, 38, 75]
[11, 52, 85, 65, 47]
[87, 18, 17, 26, 61]
[55, 83, 83, 92, 87]
[60, 10, 25, 46, 50]
[81, 86, 44, 29, 38]
[21, 57, 76, 83, 22]
[98, 42, 60, 19, 61]
[69, 46, 25, 63, 80]
[60, 61, 66, 55, 81]
[28, 16, 55, 18, 86]
[53, 55, 94, 34, 23]
[24, 61, 51, 48, 93]
[62, 45, 23, 45, 59]
[99, 86, 43, 48, 41]
[19, 27, 99, 69, 26]
[87, 22, 71, 73, 36]
[85, 47, 89, 11, 32]
[68, 95, 47, 56, 29]
[73, 34, 66, 46, 87]
[96, 11, 25, 44, 81]
[98, 42, 97, 84, 25]
[78, 11, 67, 31, 59]
[15, 76, 42, 29, 72]
[20, 54, 98, 18, 13]
[89, 44, 52, 98, 96]
[77, 49, 55, 22, 86]
[63, 32, 51, 81, 68]
[29, 15, 18, 58, 10]
[91, 42, 10, 31, 18]
[58, 62, 74, 42, 90]
[100, 98, 11, 72, 34]
[34, 40, 42, 19, 38]
[88, 85, 33, 57, 91]
[70, 13, 60, 47, 32]
[83, 62, 56, 15, 86]
[18, 52, 93, 45, 41]
[13, 22, 41, 23, 60]
[47, 31, 34, 57, 62]
[99, 80, 84, 67, 17]
[91, 42, 36, 95, 73]
]
需要区間:
[
[[0, 3], [4, 7], [8, 11], [12, 15], [16, 20]]
[[0, 3], [4, 7], [8, 11], [12, 15], [16, 20]]
[[0, 3], [4, 7], [8, 11], [12, 15], [16, 20]]
[[0, 3], [4, 7], [8, 11], [12, 15], [16, 20]]
[[0, 3], [4, 7], [8, 11], [12, 15], [16, 20]]
[[0, 3], [4, 7], [8, 11], [12, 15], [16, 20]]
[[0, 3], [4, 7], [8, 11], [12, 15], [16, 20]]
[[0, 3], [4, 7], [8, 11], [12, 15], [16, 20]]
[[0, 3], [4, 7], [8, 11], [12, 15], [16, 20]]
[[0, 3], [4, 7], [8, 11], [12, 15], [16, 20]]
[[0, 3], [4, 7], [8, 11], [12, 15], [16, 20]]
[[0, 3], [4, 7], [8, 11], [12, 15], [16, 20]]
[[0, 3], [4, 7], [8, 11], [12, 15], [16, 20]]
[[0, 3], [4, 7], [8, 11], [12, 15], [16, 20]]
[[0, 3], [4, 7], [8, 11], [12, 15], [16, 20]]
[[0, 3], [4, 7], [8, 11], [12, 15], [16, 20]]
[[0, 3], [4, 7], [8, 11], [12, 15], [16, 20]]
[[0, 3], [4, 7], [8, 11], [12, 15], [16, 20]]
[[0, 3], [4, 7], [8, 11], [12, 15], [16, 20]]
[[0, 3], [4, 7], [8, 11], [12, 15], [16, 20]]
[[0, 3], [4, 7], [8, 11], [12, 15], [16, 20]]
[[0, 3], [4, 7], [8, 11], [12, 15], [16, 20]]
[[0, 3], [4, 7], [8, 11], [12, 15], [16, 20]]
[[0, 3], [4, 7], [8, 11], [12, 15], [16, 20]]
[[0, 3], [4, 7], [8, 11], [12, 15], [16, 20]]
[[0, 3], [4, 7], [8, 11], [12, 15], [16, 20]]
[[0, 3], [4, 7], [8, 11], [12, 15], [16, 20]]
[[0, 3], [4, 7], [8, 11], [12, 15], [16, 20]]
[[0, 3], [4, 7], [8, 11], [12, 15], [16, 20]]
[[0, 3], [4, 7], [8, 11], [12, 15], [16, 20]]
[[0, 3], [4, 7], [8, 11], [12, 15], [16, 20]]
[[0, 3], [4, 7], [8, 11], [12, 15], [16, 20]]
[[0, 3], [4, 7], [8, 11], [12, 15], [16, 20]]
[[0, 3], [4, 7], [8, 11], [12, 15], [16, 20]]
[[0, 3], [4, 7], [8, 11], [12, 15], [16, 20]]
[[0, 3], [4, 7], [8, 11], [12, 15], [16, 20]]
[[0, 3], [4, 7], [8, 11], [12, 15], [16, 20]]
[[0, 3], [4, 7], [8, 11], [12, 15], [16, 20]]
[[0, 3], [4, 7], [8, 11], [12, 15], [16, 20]]
[[0, 3], [4, 7], [8, 11], [12, 15], [16, 20]]
[[0, 3], [4, 7], [8, 11], [12, 15], [16, 20]]
[[0, 3], [4, 7], [8, 11], [12, 15], [16, 20]]
[[0, 3], [4, 7], [8, 11], [12, 15], [16, 20]]
[[0, 3], [4, 7], [8, 11], [12, 15], [16, 20]]
[[0, 3], [4, 7], [8, 11], [12, 15], [16, 20]]
[[0, 3], [4, 7], [8, 11], [12, 15], [16, 20]]
[[0, 3], [4, 7], [8, 11], [12, 15], [16, 20]]
[[0, 3], [4, 7], [8, 11], [12, 15], [16, 20]]
[[0, 3], [4, 7], [8, 11], [12, 15], [16, 20]]
[[0, 3], [4, 7], [8, 11], [12, 15], [16, 20]]
[[0, 3], [4, 7], [8, 11], [12, 15], [16, 20]]
[[0, 3], [4, 7], [8, 11], [12, 15], [16, 20]]
[[0, 3], [4, 7], [8, 11], [12, 15], [16, 20]]
[[0, 3], [4, 7], [8, 11], [12, 15], [16, 20]]
[[0, 3], [4, 7], [8, 11], [12, 15], [16, 20]]
[[0, 3], [4, 7], [8, 11], [12, 15], [16, 20]]
[[0, 3], [4, 7], [8, 11], [12, 15], [16, 20]]
[[0, 3], [4, 7], [8, 11], [12, 15], [16, 20]]
[[0, 3], [4, 7], [8, 11], [12, 15], [16, 20]]
[[0, 3], [4, 7], [8, 11], [12, 15], [16, 20]]
[[0, 3], [4, 7], [8, 11], [12, 15], [16, 20]]
[[0, 3], [4, 7], [8, 11], [12, 15], [16, 20]]
[[0, 3], [4, 7], [8, 11], [12, 15], [16, 20]]
[[0, 3], [4, 7], [8, 11], [12, 15], [16, 20]]
[[0, 3], [4, 7], [8, 11], [12, 15], [16, 20]]
[[0, 3], [4, 7], [8, 11], [12, 15], [16, 20]]
[[0, 3], [4, 7], [8, 11], [12, 15], [16, 20]]
[[0, 3], [4, 7], [8, 11], [12, 15], [16, 20]]
[[0, 3], [4, 7], [8, 11], [12, 15], [16, 20]]
[[0, 3], [4, 7], [8, 11], [12, 15], [16, 20]]
[[0, 3], [4, 7], [8, 11], [12, 15], [16, 20]]
[[0, 3], [4, 7], [8, 11], [12, 15], [16, 20]]
[[0, 3], [4, 7], [8, 11], [12, 15], [16, 20]]
[[0, 3], [4, 7], [8, 11], [12, 15], [16, 20]]
[[0, 3], [4, 7], [8, 11], [12, 15], [16, 20]]
[[0, 3], [4, 7], [8, 11], [12, 15], [16, 20]]
[[0, 3], [4, 7], [8, 11], [12, 15], [16, 20]]
[[0, 3], [4, 7], [8, 11], [12, 15], [16, 20]]
[[0, 3], [4, 7], [8, 11], [12, 15], [16, 20]]
[[0, 3], [4, 7], [8, 11], [12, 15], [16, 20]]
[[0, 3], [4, 7], [8, 11], [12, 15], [16, 20]]
[[0, 3], [4, 7], [8, 11], [12, 15], [16, 20]]
[[0, 3], [4, 7], [8, 11], [12, 15], [16, 20]]
[[0, 3], [4, 7], [8, 11], [12, 15], [16, 20]]
[[0, 3], [4, 7], [8, 11], [12, 15], [16, 20]]
[[0, 3], [4, 7], [8, 11], [12, 15], [16, 20]]
[[0, 3], [4, 7], [8, 11], [12, 15], [16, 20]]
[[0, 3], [4, 7], [8, 11], [12, 15], [16, 20]]
[[0, 3], [4, 7], [8, 11], [12, 15], [16, 20]]
[[0, 3], [4, 7], [8, 11], [12, 15], [16, 20]]
[[0, 3], [4, 7], [8, 11], [12, 15], [16, 20]]
[[0, 3], [4, 7], [8, 11], [12, 15], [16, 20]]
[[0, 3], [4, 7], [8, 11], [12, 15], [16, 20]]
[[0, 3], [4, 7], [8, 11], [12, 15], [16, 20]]
[[0, 3], [4, 7], [8, 11], [12, 15], [16, 20]]
[[0, 3], [4, 7], [8, 11], [12, 15], [16, 20]]
[[0, 3], [4, 7], [8, 11], [12, 15], [16, 20]]
[[0, 3], [4, 7], [8, 11], [12, 15], [16, 20]]
[[0, 3], [4, 7], [8, 11], [12, 15], [16, 20]]
[[0, 3], [4, 7], [8, 11], [12, 15], [16, 20]]
]
Max value: 1994
====================
入札者数: 100
財の個数: 20
傾き:
[
[41, 98, 84, 34, 33]
[14, 10, 14, 73, 80]
[76, 45, 49, 68, 19]
[74, 90, 62, 22, 25]
[44, 46, 75, 62, 63]
[71, 12, 24, 31, 80]
[53, 89, 14, 75, 35]
[36, 67, 59, 54, 18]
[45, 46, 65, 54, 100]
[32, 48, 87, 72, 34]
[51, 37, 96, 60, 96]
[62, 70, 71, 15, 93]
[13, 75, 10, 66, 99]
[29, 34, 71, 34, 35]
[28, 52, 91, 32, 83]
[80, 60, 35, 79, 85]
[97, 34, 68, 59, 16]
[97, 24, 19, 74, 30]
[32, 62, 76, 46, 22]
[26, 17, 45, 38, 94]
[14, 26, 66, 83, 22]
[60, 35, 29, 45, 44]
[74, 27, 71, 36, 93]
[12, 80, 53, 48, 85]
[50, 19, 20, 47, 63]
[46, 80, 12, 83, 65]
[17, 82, 46, 56, 13]
[62, 73, 50, 60, 10]
[66, 84, 60, 54, 36]
[84, 46, 93, 72, 16]
[81, 21, 25, 58, 27]
[87, 63, 48, 69, 20]
[51, 95, 40, 69, 65]
[17, 91, 67, 36, 58]
[82, 26, 88, 74, 59]
[72, 25, 27, 78, 16]
[10, 78, 61, 59, 47]
[100, 74, 41, 60, 46]
[89, 47, 69, 64, 37]
[77, 93, 28, 50, 67]
[49, 75, 80, 75, 96]
[19, 93, 89, 90, 73]
[63, 17, 24, 95, 15]
[42, 78, 35, 81, 74]
[77, 49, 42, 24, 20]
[72, 67, 50, 83, 94]
[28, 16, 57, 70, 84]
[27, 46, 21, 56, 56]
[76, 27, 62, 27, 18]
[90, 47, 71, 15, 81]
[10, 76, 25, 16, 77]
[41, 23, 84, 34, 48]
[51, 58, 55, 86, 94]
[67, 77, 98, 84, 69]
[45, 90, 98, 27, 71]
[57, 97, 84, 66, 94]
[86, 67, 58, 29, 66]
[58, 84, 24, 70, 66]
[93, 10, 50, 40, 19]
[45, 26, 18, 27, 30]
[41, 34, 84, 34, 55]
[35, 10, 76, 48, 63]
[100, 65, 75, 30, 13]
[46, 67, 26, 74, 100]
[36, 34, 89, 21, 15]
[97, 38, 66, 63, 54]
[94, 75, 56, 26, 87]
[24, 13, 58, 76, 50]
[14, 12, 30, 32, 96]
[40, 100, 82, 25, 44]
[49, 14, 27, 77, 49]
[93, 48, 16, 59, 66]
[94, 87, 92, 72, 58]
[81, 74, 55, 87, 29]
[40, 23, 28, 37, 92]
[10, 79, 92, 17, 89]
[28, 98, 92, 98, 59]
[52, 18, 39, 55, 64]
[48, 33, 37, 11, 71]
[30, 93, 59, 93, 47]
[54, 96, 89, 55, 67]
[52, 95, 49, 56, 82]
[81, 67, 84, 28, 69]
[61, 96, 42, 52, 41]
[88, 18, 85, 20, 23]
[52, 59, 30, 55, 33]
[69, 71, 35, 70, 12]
[72, 93, 87, 95, 50]
[52, 15, 89, 69, 72]
[54, 53, 44, 16, 77]
[88, 43, 75, 61, 91]
[65, 76, 19, 28, 34]
[29, 69, 97, 60, 14]
[85, 46, 83, 25, 52]
[49, 82, 81, 51, 53]
[85, 38, 25, 76, 100]
[73, 46, 41, 58, 72]
[28, 35, 53, 20, 28]
[82, 74, 26, 24, 70]
[84, 48, 97, 55, 84]
]
需要区間:
[
[[0, 3], [4, 7], [8, 11], [12, 15], [16, 20]]
[[0, 3], [4, 7], [8, 11], [12, 15], [16, 20]]
[[0, 3], [4, 7], [8, 11], [12, 15], [16, 20]]
[[0, 3], [4, 7], [8, 11], [12, 15], [16, 20]]
[[0, 3], [4, 7], [8, 11], [12, 15], [16, 20]]
[[0, 3], [4, 7], [8, 11], [12, 15], [16, 20]]
[[0, 3], [4, 7], [8, 11], [12, 15], [16, 20]]
[[0, 3], [4, 7], [8, 11], [12, 15], [16, 20]]
[[0, 3], [4, 7], [8, 11], [12, 15], [16, 20]]
[[0, 3], [4, 7], [8, 11], [12, 15], [16, 20]]
[[0, 3], [4, 7], [8, 11], [12, 15], [16, 20]]
[[0, 3], [4, 7], [8, 11], [12, 15], [16, 20]]
[[0, 3], [4, 7], [8, 11], [12, 15], [16, 20]]
[[0, 3], [4, 7], [8, 11], [12, 15], [16, 20]]
[[0, 3], [4, 7], [8, 11], [12, 15], [16, 20]]
[[0, 3], [4, 7], [8, 11], [12, 15], [16, 20]]
[[0, 3], [4, 7], [8, 11], [12, 15], [16, 20]]
[[0, 3], [4, 7], [8, 11], [12, 15], [16, 20]]
[[0, 3], [4, 7], [8, 11], [12, 15], [16, 20]]
[[0, 3], [4, 7], [8, 11], [12, 15], [16, 20]]
[[0, 3], [4, 7], [8, 11], [12, 15], [16, 20]]
[[0, 3], [4, 7], [8, 11], [12, 15], [16, 20]]
[[0, 3], [4, 7], [8, 11], [12, 15], [16, 20]]
[[0, 3], [4, 7], [8, 11], [12, 15], [16, 20]]
[[0, 3], [4, 7], [8, 11], [12, 15], [16, 20]]
[[0, 3], [4, 7], [8, 11], [12, 15], [16, 20]]
[[0, 3], [4, 7], [8, 11], [12, 15], [16, 20]]
[[0, 3], [4, 7], [8, 11], [12, 15], [16, 20]]
[[0, 3], [4, 7], [8, 11], [12, 15], [16, 20]]
[[0, 3], [4, 7], [8, 11], [12, 15], [16, 20]]
[[0, 3], [4, 7], [8, 11], [12, 15], [16, 20]]
[[0, 3], [4, 7], [8, 11], [12, 15], [16, 20]]
[[0, 3], [4, 7], [8, 11], [12, 15], [16, 20]]
[[0, 3], [4, 7], [8, 11], [12, 15], [16, 20]]
[[0, 3], [4, 7], [8, 11], [12, 15], [16, 20]]
[[0, 3], [4, 7], [8, 11], [12, 15], [16, 20]]
[[0, 3], [4, 7], [8, 11], [12, 15], [16, 20]]
[[0, 3], [4, 7], [8, 11], [12, 15], [16, 20]]
[[0, 3], [4, 7], [8, 11], [12, 15], [16, 20]]
[[0, 3], [4, 7], [8, 11], [12, 15], [16, 20]]
[[0, 3], [4, 7], [8, 11], [12, 15], [16, 20]]
[[0, 3], [4, 7], [8, 11], [12, 15], [16, 20]]
[[0, 3], [4, 7], [8, 11], [12, 15], [16, 20]]
[[0, 3], [4, 7], [8, 11], [12, 15], [16, 20]]
[[0, 3], [4, 7], [8, 11], [12, 15], [16, 20]]
[[0, 3], [4, 7], [8, 11], [12, 15], [16, 20]]
[[0, 3], [4, 7], [8, 11], [12, 15], [16, 20]]
[[0, 3], [4, 7], [8, 11], [12, 15], [16, 20]]
[[0, 3], [4, 7], [8, 11], [12, 15], [16, 20]]
[[0, 3], [4, 7], [8, 11], [12, 15], [16, 20]]
[[0, 3], [4, 7], [8, 11], [12, 15], [16, 20]]
[[0, 3], [4, 7], [8, 11], [12, 15], [16, 20]]
[[0, 3], [4, 7], [8, 11], [12, 15], [16, 20]]
[[0, 3], [4, 7], [8, 11], [12, 15], [16, 20]]
[[0, 3], [4, 7], [8, 11], [12, 15], [16, 20]]
[[0, 3], [4, 7], [8, 11], [12, 15], [16, 20]]
[[0, 3], [4, 7], [8, 11], [12, 15], [16, 20]]
[[0, 3], [4, 7], [8, 11], [12, 15], [16, 20]]
[[0, 3], [4, 7], [8, 11], [12, 15], [16, 20]]
[[0, 3], [4, 7], [8, 11], [12, 15], [16, 20]]
[[0, 3], [4, 7], [8, 11], [12, 15], [16, 20]]
[[0, 3], [4, 7], [8, 11], [12, 15], [16, 20]]
[[0, 3], [4, 7], [8, 11], [12, 15], [16, 20]]
[[0, 3], [4, 7], [8, 11], [12, 15], [16, 20]]
[[0, 3], [4, 7], [8, 11], [12, 15], [16, 20]]
[[0, 3], [4, 7], [8, 11], [12, 15], [16, 20]]
[[0, 3], [4, 7], [8, 11], [12, 15], [16, 20]]
[[0, 3], [4, 7], [8, 11], [12, 15], [16, 20]]
[[0, 3], [4, 7], [8, 11], [12, 15], [16, 20]]
[[0, 3], [4, 7], [8, 11], [12, 15], [16, 20]]
[[0, 3], [4, 7], [8, 11], [12, 15], [16, 20]]
[[0, 3], [4, 7], [8, 11], [12, 15], [16, 20]]
[[0, 3], [4, 7], [8, 11], [12, 15], [16, 20]]
[[0, 3], [4, 7], [8, 11], [12, 15], [16, 20]]
[[0, 3], [4, 7], [8, 11], [12, 15], [16, 20]]
[[0, 3], [4, 7], [8, 11], [12, 15], [16, 20]]
[[0, 3], [4, 7], [8, 11], [12, 15], [16, 20]]
[[0, 3], [4, 7], [8, 11], [12, 15], [16, 20]]
[[0, 3], [4, 7], [8, 11], [12, 15], [16, 20]]
[[0, 3], [4, 7], [8, 11], [12, 15], [16, 20]]
[[0, 3], [4, 7], [8, 11], [12, 15], [16, 20]]
[[0, 3], [4, 7], [8, 11], [12, 15], [16, 20]]
[[0, 3], [4, 7], [8, 11], [12, 15], [16, 20]]
[[0, 3], [4, 7], [8, 11], [12, 15], [16, 20]]
[[0, 3], [4, 7], [8, 11], [12, 15], [16, 20]]
[[0, 3], [4, 7], [8, 11], [12, 15], [16, 20]]
[[0, 3], [4, 7], [8, 11], [12, 15], [16, 20]]
[[0, 3], [4, 7], [8, 11], [12, 15], [16, 20]]
[[0, 3], [4, 7], [8, 11], [12, 15], [16, 20]]
[[0, 3], [4, 7], [8, 11], [12, 15], [16, 20]]
[[0, 3], [4, 7], [8, 11], [12, 15], [16, 20]]
[[0, 3], [4, 7], [8, 11], [12, 15], [16, 20]]
[[0, 3], [4, 7], [8, 11], [12, 15], [16, 20]]
[[0, 3], [4, 7], [8, 11], [12, 15], [16, 20]]
[[0, 3], [4, 7], [8, 11], [12, 15], [16, 20]]
[[0, 3], [4, 7], [8, 11], [12, 15], [16, 20]]
[[0, 3], [4, 7], [8, 11], [12, 15], [16, 20]]
[[0, 3], [4, 7], [8, 11], [12, 15], [16, 20]]
[[0, 3], [4, 7], [8, 11], [12, 15], [16, 20]]
[[0, 3], [4, 7], [8, 11], [12, 15], [16, 20]]
]
Max value: 2000
====================
入札者数: 100
財の個数: 20
傾き:
[
[69, 80, 58, 30, 32, 32, 34]
[92, 73, 80, 33, 51, 95, 86]
[28, 47, 70, 10, 93, 36, 26]
[63, 90, 31, 35, 89, 44, 14]
[49, 99, 81, 14, 96, 35, 26]
[13, 72, 52, 70, 30, 65, 86]
[23, 55, 25, 15, 31, 99, 39]
[28, 64, 98, 87, 66, 54, 34]
[54, 46, 43, 40, 74, 63, 66]
[96, 22, 95, 95, 51, 88, 32]
[76, 65, 32, 86, 79, 48, 11]
[84, 30, 49, 12, 26, 64, 70]
[53, 18, 19, 60, 65, 33, 99]
[10, 62, 23, 91, 46, 84, 48]
[17, 70, 92, 54, 23, 70, 77]
[44, 81, 57, 69, 92, 72, 90]
[84, 27, 80, 50, 19, 41, 88]
[87, 74, 60, 79, 93, 75, 60]
[90, 59, 76, 93, 23, 93, 23]
[42, 12, 31, 35, 95, 70, 28]
[28, 47, 45, 91, 80, 85, 47]
[22, 36, 12, 55, 64, 26, 88]
[87, 89, 10, 86, 48, 45, 96]
[46, 39, 89, 17, 37, 86, 99]
[97, 80, 72, 35, 54, 71, 83]
[58, 17, 66, 43, 50, 33, 80]
[95, 40, 28, 80, 27, 97, 22]
[15, 30, 52, 38, 51, 88, 80]
[98, 56, 73, 51, 78, 30, 46]
[51, 16, 34, 98, 46, 46, 34]
[95, 49, 22, 30, 53, 54, 36]
[39, 30, 62, 87, 95, 61, 100]
[22, 68, 41, 34, 20, 78, 73]
[68, 56, 93, 41, 22, 66, 88]
[59, 78, 57, 18, 50, 95, 95]
[27, 80, 35, 22, 68, 44, 98]
[100, 54, 35, 47, 19, 25, 44]
[12, 50, 28, 11, 78, 23, 100]
[14, 12, 54, 86, 55, 17, 42]
[62, 65, 52, 87, 89, 63, 71]
[36, 93, 31, 82, 86, 19, 71]
[60, 39, 48, 97, 79, 10, 69]
[49, 55, 36, 98, 47, 85, 51]
[17, 26, 37, 23, 61, 44, 11]
[60, 93, 52, 89, 34, 77, 96]
[93, 20, 37, 50, 43, 11, 89]
[12, 95, 64, 71, 25, 90, 88]
[10, 67, 11, 30, 28, 95, 33]
[68, 60, 45, 20, 65, 12, 72]
[16, 12, 88, 50, 69, 15, 31]
[73, 30, 84, 27, 91, 75, 76]
[60, 42, 66, 64, 91, 49, 28]
[31, 63, 96, 65, 22, 99, 51]
[50, 63, 62, 94, 47, 68, 38]
[58, 14, 53, 53, 21, 60, 93]
[97, 18, 90, 83, 13, 26, 20]
[88, 47, 76, 31, 41, 74, 98]
[62, 37, 91, 44, 60, 62, 85]
[31, 86, 94, 43, 20, 57, 87]
[11, 58, 26, 42, 79, 96, 59]
[44, 89, 54, 61, 28, 53, 11]
[23, 99, 100, 80, 52, 29, 51]
[26, 45, 99, 38, 95, 59, 98]
[40, 24, 87, 81, 53, 77, 52]
[48, 81, 86, 44, 93, 92, 81]
[49, 75, 68, 88, 44, 56, 74]
[89, 79, 62, 27, 70, 15, 50]
[25, 12, 86, 33, 84, 35, 96]
[54, 50, 94, 17, 36, 91, 38]
[95, 26, 39, 13, 60, 83, 24]
[66, 20, 15, 30, 83, 13, 99]
[81, 59, 79, 39, 50, 35, 29]
[15, 81, 43, 82, 30, 67, 99]
[74, 24, 78, 88, 97, 62, 60]
[52, 100, 38, 11, 92, 25, 59]
[30, 23, 31, 72, 14, 12, 50]
[88, 80, 36, 48, 72, 49, 23]
[12, 18, 72, 24, 39, 75, 62]
[90, 64, 78, 59, 22, 48, 20]
[20, 56, 53, 54, 31, 23, 24]
[69, 56, 91, 78, 54, 58, 46]
[12, 82, 20, 35, 19, 67, 100]
[30, 58, 11, 52, 46, 27, 68]
[42, 73, 38, 14, 95, 70, 90]
[89, 38, 90, 41, 75, 55, 59]
[26, 62, 21, 35, 84, 44, 13]
[36, 33, 13, 28, 13, 66, 47]
[72, 53, 36, 36, 77, 22, 73]
[50, 90, 39, 86, 81, 88, 31]
[58, 14, 85, 45, 38, 43, 62]
[20, 30, 84, 95, 40, 18, 58]
[45, 12, 70, 99, 62, 63, 89]
[12, 71, 24, 16, 72, 83, 13]
[55, 62, 74, 81, 78, 56, 43]
[11, 48, 23, 86, 22, 74, 27]
[28, 96, 54, 50, 73, 89, 74]
[82, 28, 68, 60, 29, 48, 13]
[52, 84, 84, 95, 86, 15, 52]
[96, 90, 11, 77, 53, 70, 70]
[47, 53, 27, 51, 66, 86, 84]
]
需要区間:
[
[[0, 1], [2, 5], [6, 10], [11, 12], [13, 14], [15, 16], [17, 20]]
[[0, 5], [6, 9], [10, 11], [12, 13], [14, 15], [16, 17], [18, 20]]
[[0, 7], [8, 9], [10, 11], [12, 13], [14, 15], [16, 17], [18, 20]]
[[0, 1], [2, 6], [7, 8], [9, 11], [12, 14], [15, 16], [17, 20]]
[[0, 7], [8, 9], [10, 11], [12, 13], [14, 15], [16, 17], [18, 20]]
[[0, 2], [3, 9], [10, 11], [12, 13], [14, 15], [16, 17], [18, 20]]
[[0, 6], [7, 8], [9, 10], [11, 13], [14, 15], [16, 17], [18, 20]]
[[0, 7], [8, 9], [10, 11], [12, 13], [14, 15], [16, 17], [18, 20]]
[[0, 4], [5, 8], [9, 11], [12, 13], [14, 15], [16, 17], [18, 20]]
[[0, 6], [7, 8], [9, 10], [11, 12], [13, 15], [16, 17], [18, 20]]
[[0, 1], [2, 5], [6, 7], [8, 11], [12, 14], [15, 17], [18, 20]]
[[0, 2], [3, 5], [6, 10], [11, 13], [14, 15], [16, 17], [18, 20]]
[[0, 2], [3, 4], [5, 9], [10, 13], [14, 15], [16, 17], [18, 20]]
[[0, 7], [8, 9], [10, 11], [12, 13], [14, 15], [16, 17], [18, 20]]
[[0, 4], [5, 7], [8, 9], [10, 13], [14, 15], [16, 17], [18, 20]]
[[0, 2], [3, 7], [8, 11], [12, 13], [14, 15], [16, 17], [18, 20]]
[[0, 3], [4, 5], [6, 10], [11, 12], [13, 15], [16, 17], [18, 20]]
[[0, 1], [2, 7], [8, 9], [10, 11], [12, 15], [16, 17], [18, 20]]
[[0, 3], [4, 7], [8, 11], [12, 13], [14, 15], [16, 17], [18, 20]]
[[0, 7], [8, 9], [10, 11], [12, 13], [14, 15], [16, 17], [18, 20]]
[[0, 4], [5, 7], [8, 11], [12, 13], [14, 15], [16, 17], [18, 20]]
[[0, 1], [2, 9], [10, 11], [12, 13], [14, 15], [16, 17], [18, 20]]
[[0, 1], [2, 3], [4, 6], [7, 11], [12, 13], [14, 16], [17, 20]]
[[0, 2], [3, 8], [9, 10], [11, 12], [13, 14], [15, 16], [17, 20]]
[[0, 5], [6, 8], [9, 11], [12, 13], [14, 15], [16, 17], [18, 20]]
[[0, 1], [2, 6], [7, 10], [11, 13], [14, 15], [16, 17], [18, 20]]
[[0, 4], [5, 9], [10, 11], [12, 13], [14, 15], [16, 17], [18, 20]]
[[0, 3], [4, 6], [7, 10], [11, 12], [13, 15], [16, 17], [18, 20]]
[[0, 7], [8, 9], [10, 11], [12, 13], [14, 15], [16, 17], [18, 20]]
[[0, 2], [3, 9], [10, 11], [12, 13], [14, 15], [16, 17], [18, 20]]
[[0, 5], [6, 9], [10, 11], [12, 13], [14, 15], [16, 17], [18, 20]]
[[0, 3], [4, 6], [7, 11], [12, 13], [14, 15], [16, 17], [18, 20]]
[[0, 7], [8, 9], [10, 11], [12, 13], [14, 15], [16, 17], [18, 20]]
[[0, 2], [3, 4], [5, 9], [10, 12], [13, 15], [16, 17], [18, 20]]
[[0, 6], [7, 8], [9, 10], [11, 12], [13, 15], [16, 17], [18, 20]]
[[0, 5], [6, 7], [8, 9], [10, 12], [13, 14], [15, 16], [17, 20]]
[[0, 3], [4, 8], [9, 10], [11, 12], [13, 14], [15, 17], [18, 20]]
[[0, 6], [7, 9], [10, 11], [12, 13], [14, 15], [16, 17], [18, 20]]
[[0, 4], [5, 8], [9, 10], [11, 12], [13, 15], [16, 17], [18, 20]]
[[0, 2], [3, 8], [9, 11], [12, 13], [14, 15], [16, 17], [18, 20]]
[[0, 4], [5, 9], [10, 11], [12, 13], [14, 15], [16, 17], [18, 20]]
[[0, 7], [8, 9], [10, 11], [12, 13], [14, 15], [16, 17], [18, 20]]
[[0, 1], [2, 6], [7, 9], [10, 11], [12, 15], [16, 17], [18, 20]]
[[0, 2], [3, 6], [7, 10], [11, 13], [14, 15], [16, 17], [18, 20]]
[[0, 1], [2, 6], [7, 11], [12, 13], [14, 15], [16, 17], [18, 20]]
[[0, 2], [3, 4], [5, 8], [9, 11], [12, 13], [14, 17], [18, 20]]
[[0, 7], [8, 9], [10, 11], [12, 13], [14, 15], [16, 17], [18, 20]]
[[0, 3], [4, 9], [10, 11], [12, 13], [14, 15], [16, 17], [18, 20]]
[[0, 3], [4, 9], [10, 11], [12, 13], [14, 15], [16, 17], [18, 20]]
[[0, 2], [3, 5], [6, 11], [12, 13], [14, 15], [16, 17], [18, 20]]
[[0, 1], [2, 4], [5, 7], [8, 9], [10, 12], [13, 15], [16, 20]]
[[0, 1], [2, 8], [9, 11], [12, 13], [14, 15], [16, 17], [18, 20]]
[[0, 2], [3, 5], [6, 11], [12, 13], [14, 15], [16, 17], [18, 20]]
[[0, 5], [6, 8], [9, 11], [12, 13], [14, 15], [16, 17], [18, 20]]
[[0, 4], [5, 6], [7, 8], [9, 13], [14, 15], [16, 17], [18, 20]]
[[0, 7], [8, 9], [10, 11], [12, 13], [14, 15], [16, 17], [18, 20]]
[[0, 4], [5, 6], [7, 11], [12, 13], [14, 15], [16, 17], [18, 20]]
[[0, 1], [2, 9], [10, 11], [12, 13], [14, 15], [16, 17], [18, 20]]
[[0, 3], [4, 8], [9, 11], [12, 13], [14, 15], [16, 17], [18, 20]]
[[0, 7], [8, 9], [10, 11], [12, 13], [14, 15], [16, 17], [18, 20]]
[[0, 5], [6, 8], [9, 11], [12, 13], [14, 15], [16, 17], [18, 20]]
[[0, 6], [7, 9], [10, 11], [12, 13], [14, 15], [16, 17], [18, 20]]
[[0, 2], [3, 8], [9, 11], [12, 13], [14, 15], [16, 17], [18, 20]]
[[0, 3], [4, 8], [9, 10], [11, 12], [13, 14], [15, 16], [17, 20]]
[[0, 5], [6, 7], [8, 10], [11, 13], [14, 15], [16, 17], [18, 20]]
[[0, 3], [4, 8], [9, 11], [12, 13], [14, 15], [16, 17], [18, 20]]
[[0, 7], [8, 9], [10, 11], [12, 13], [14, 15], [16, 17], [18, 20]]
[[0, 7], [8, 9], [10, 11], [12, 13], [14, 15], [16, 17], [18, 20]]
[[0, 1], [2, 9], [10, 11], [12, 13], [14, 15], [16, 17], [18, 20]]
[[0, 4], [5, 7], [8, 10], [11, 13], [14, 15], [16, 17], [18, 20]]
[[0, 7], [8, 9], [10, 11], [12, 13], [14, 15], [16, 17], [18, 20]]
[[0, 6], [7, 9], [10, 11], [12, 13], [14, 15], [16, 17], [18, 20]]
[[0, 6], [7, 8], [9, 11], [12, 13], [14, 15], [16, 17], [18, 20]]
[[0, 7], [8, 9], [10, 11], [12, 13], [14, 15], [16, 17], [18, 20]]
[[0, 6], [7, 8], [9, 11], [12, 13], [14, 15], [16, 17], [18, 20]]
[[0, 6], [7, 9], [10, 11], [12, 13], [14, 15], [16, 17], [18, 20]]
[[0, 3], [4, 9], [10, 11], [12, 13], [14, 15], [16, 17], [18, 20]]
[[0, 2], [3, 8], [9, 11], [12, 13], [14, 15], [16, 17], [18, 20]]
[[0, 7], [8, 9], [10, 11], [12, 13], [14, 15], [16, 17], [18, 20]]
[[0, 2], [3, 7], [8, 10], [11, 13], [14, 15], [16, 17], [18, 20]]
[[0, 5], [6, 9], [10, 11], [12, 13], [14, 15], [16, 17], [18, 20]]
[[0, 7], [8, 9], [10, 11], [12, 13], [14, 15], [16, 17], [18, 20]]
[[0, 3], [4, 8], [9, 10], [11, 13], [14, 15], [16, 17], [18, 20]]
[[0, 2], [3, 6], [7, 9], [10, 11], [12, 15], [16, 17], [18, 20]]
[[0, 7], [8, 9], [10, 11], [12, 13], [14, 15], [16, 17], [18, 20]]
[[0, 5], [6, 8], [9, 11], [12, 13], [14, 15], [16, 17], [18, 20]]
[[0, 7], [8, 9], [10, 11], [12, 13], [14, 15], [16, 17], [18, 20]]
[[0, 5], [6, 9], [10, 11], [12, 13], [14, 15], [16, 17], [18, 20]]
[[0, 7], [8, 9], [10, 11], [12, 13], [14, 15], [16, 17], [18, 20]]
[[0, 6], [7, 8], [9, 10], [11, 13], [14, 15], [16, 17], [18, 20]]
[[0, 6], [7, 8], [9, 10], [11, 12], [13, 15], [16, 17], [18, 20]]
[[0, 7], [8, 9], [10, 11], [12, 13], [14, 15], [16, 17], [18, 20]]
[[0, 1], [2, 5], [6, 7], [8, 11], [12, 13], [14, 15], [16, 20]]
[[0, 2], [3, 4], [5, 8], [9, 10], [11, 15], [16, 17], [18, 20]]
[[0, 7], [8, 9], [10, 11], [12, 13], [14, 15], [16, 17], [18, 20]]
[[0, 7], [8, 9], [10, 11], [12, 13], [14, 15], [16, 17], [18, 20]]
[[0, 4], [5, 6], [7, 11], [12, 13], [14, 15], [16, 17], [18, 20]]
[[0, 6], [7, 9], [10, 11], [12, 13], [14, 15], [16, 17], [18, 20]]
[[0, 4], [5, 6], [7, 10], [11, 12], [13, 15], [16, 17], [18, 20]]
[[0, 4], [5, 6], [7, 10], [11, 13], [14, 15], [16, 17], [18, 20]]
]
Max value: 2000
====================
入札者数: 100
財の個数: 20
傾き:
[
[90, 36, 67, 23, 83, 13]
[42, 85, 48, 57, 70, 80]
[20, 66, 48, 47, 66, 32]
[31, 94, 22, 51, 99, 77]
[96, 90, 76, 19, 22, 64]
[24, 46, 58, 22, 24, 61]
[79, 90, 24, 67, 62, 40]
[86, 86, 40, 35, 64, 66]
[59, 49, 50, 79, 33, 15]
[15, 74, 15, 22, 35, 45]
[50, 23, 52, 13, 52, 98]
[12, 76, 33, 90, 33, 10]
[40, 20, 59, 67, 34, 30]
[17, 26, 38, 47, 25, 63]
[18, 40, 23, 89, 40, 50]
[50, 60, 30, 99, 42, 89]
[70, 96, 57, 96, 31, 39]
[94, 72, 88, 92, 16, 53]
[41, 50, 89, 83, 30, 73]
[57, 11, 62, 33, 59, 72]
[25, 33, 39, 13, 86, 60]
[16, 74, 81, 19, 96, 58]
[14, 41, 39, 83, 33, 20]
[31, 59, 63, 46, 38, 48]
[11, 68, 96, 23, 23, 88]
[14, 56, 76, 57, 57, 20]
[31, 33, 95, 92, 65, 60]
[25, 29, 52, 34, 45, 12]
[52, 67, 14, 97, 27, 88]
[44, 30, 88, 52, 12, 94]
[77, 40, 88, 24, 29, 58]
[33, 72, 51, 23, 17, 25]
[16, 80, 64, 63, 42, 30]
[96, 59, 67, 66, 26, 71]
[12, 14, 23, 22, 21, 50]
[53, 26, 92, 82, 37, 63]
[44, 88, 88, 42, 25, 80]
[28, 97, 20, 48, 44, 70]
[55, 58, 21, 86, 64, 42]
[80, 28, 94, 26, 62, 59]
[31, 37, 62, 82, 19, 23]
[73, 62, 70, 80, 95, 65]
[49, 35, 74, 71, 11, 70]
[95, 39, 82, 35, 77, 95]
[89, 52, 55, 60, 40, 44]
[64, 70, 67, 64, 57, 74]
[64, 12, 31, 52, 33, 91]
[94, 37, 45, 72, 52, 30]
[78, 52, 55, 28, 51, 93]
[95, 67, 48, 72, 14, 27]
[40, 14, 43, 27, 44, 58]
[20, 35, 55, 84, 33, 10]
[83, 21, 95, 67, 89, 28]
[68, 53, 33, 45, 98, 92]
[38, 16, 18, 70, 59, 51]
[13, 56, 68, 75, 28, 37]
[28, 47, 68, 72, 64, 47]
[57, 73, 72, 51, 44, 48]
[94, 16, 11, 22, 23, 96]
[20, 74, 91, 67, 64, 47]
[59, 14, 25, 27, 92, 22]
[27, 44, 35, 34, 12, 28]
[28, 97, 39, 55, 55, 27]
[51, 85, 70, 18, 33, 57]
[57, 88, 60, 93, 30, 93]
[83, 82, 69, 87, 47, 17]
[12, 18, 53, 22, 100, 60]
[99, 20, 12, 99, 31, 45]
[42, 34, 99, 70, 21, 62]
[11, 55, 74, 48, 27, 66]
[73, 60, 50, 83, 46, 42]
[76, 47, 55, 32, 91, 52]
[33, 91, 76, 98, 12, 38]
[14, 68, 51, 88, 26, 86]
[34, 41, 37, 41, 49, 24]
[34, 74, 40, 16, 61, 38]
[51, 26, 76, 24, 23, 55]
[65, 47, 53, 21, 30, 54]
[54, 25, 29, 92, 39, 51]
[50, 80, 73, 68, 11, 41]
[17, 51, 27, 23, 85, 32]
[53, 79, 75, 68, 90, 56]
[87, 64, 33, 23, 68, 67]
[89, 99, 28, 27, 10, 69]
[33, 87, 10, 76, 65, 26]
[48, 73, 28, 12, 63, 38]
[42, 99, 61, 63, 52, 93]
[62, 95, 51, 74, 22, 94]
[46, 59, 91, 51, 95, 100]
[18, 10, 73, 47, 98, 48]
[52, 90, 97, 58, 71, 80]
[62, 70, 26, 38, 13, 71]
[92, 48, 56, 66, 55, 96]
[36, 11, 36, 91, 47, 42]
[23, 97, 32, 23, 70, 65]
[82, 16, 91, 95, 73, 30]
[10, 36, 85, 68, 57, 66]
[32, 88, 79, 87, 34, 20]
[93, 82, 27, 97, 97, 86]
[15, 27, 19, 83, 88, 32]
]
需要区間:
[
[[0, 3], [4, 7], [8, 10], [11, 13], [14, 16], [17, 20]]
[[0, 2], [3, 7], [8, 10], [11, 13], [14, 16], [17, 20]]
[[0, 3], [4, 7], [8, 10], [11, 13], [14, 16], [17, 20]]
[[0, 2], [3, 5], [6, 10], [11, 13], [14, 16], [17, 20]]
[[0, 2], [3, 5], [6, 10], [11, 13], [14, 16], [17, 20]]
[[0, 2], [3, 5], [6, 9], [10, 13], [14, 16], [17, 20]]
[[0, 3], [4, 6], [7, 9], [10, 12], [13, 16], [17, 20]]
[[0, 2], [3, 6], [7, 10], [11, 13], [14, 16], [17, 20]]
[[0, 4], [5, 7], [8, 10], [11, 13], [14, 16], [17, 20]]
[[0, 3], [4, 7], [8, 10], [11, 13], [14, 16], [17, 20]]
[[0, 4], [5, 7], [8, 10], [11, 13], [14, 16], [17, 20]]
[[0, 2], [3, 5], [6, 10], [11, 13], [14, 16], [17, 20]]
[[0, 3], [4, 7], [8, 10], [11, 13], [14, 16], [17, 20]]
[[0, 3], [4, 6], [7, 9], [10, 13], [14, 16], [17, 20]]
[[0, 4], [5, 7], [8, 10], [11, 13], [14, 16], [17, 20]]
[[0, 3], [4, 7], [8, 10], [11, 13], [14, 16], [17, 20]]
[[0, 4], [5, 7], [8, 10], [11, 13], [14, 16], [17, 20]]
[[0, 3], [4, 7], [8, 10], [11, 13], [14, 16], [17, 20]]
[[0, 3], [4, 6], [7, 9], [10, 13], [14, 16], [17, 20]]
[[0, 4], [5, 7], [8, 10], [11, 13], [14, 16], [17, 20]]
[[0, 3], [4, 7], [8, 10], [11, 13], [14, 16], [17, 20]]
[[0, 2], [3, 5], [6, 9], [10, 13], [14, 16], [17, 20]]
[[0, 3], [4, 6], [7, 10], [11, 13], [14, 16], [17, 20]]
[[0, 2], [3, 5], [6, 10], [11, 13], [14, 16], [17, 20]]
[[0, 3], [4, 6], [7, 9], [10, 12], [13, 16], [17, 20]]
[[0, 2], [3, 5], [6, 9], [10, 13], [14, 16], [17, 20]]
[[0, 3], [4, 6], [7, 10], [11, 13], [14, 16], [17, 20]]
[[0, 3], [4, 6], [7, 9], [10, 12], [13, 15], [16, 20]]
[[0, 3], [4, 7], [8, 10], [11, 13], [14, 16], [17, 20]]
[[0, 3], [4, 7], [8, 10], [11, 13], [14, 16], [17, 20]]
[[0, 3], [4, 6], [7, 10], [11, 13], [14, 16], [17, 20]]
[[0, 3], [4, 6], [7, 9], [10, 13], [14, 16], [17, 20]]
[[0, 3], [4, 6], [7, 9], [10, 12], [13, 16], [17, 20]]
[[0, 2], [3, 5], [6, 10], [11, 13], [14, 16], [17, 20]]
[[0, 4], [5, 7], [8, 10], [11, 13], [14, 16], [17, 20]]
[[0, 2], [3, 7], [8, 10], [11, 13], [14, 16], [17, 20]]
[[0, 2], [3, 7], [8, 10], [11, 13], [14, 16], [17, 20]]
[[0, 4], [5, 7], [8, 10], [11, 13], [14, 16], [17, 20]]
[[0, 2], [3, 6], [7, 10], [11, 13], [14, 16], [17, 20]]
[[0, 3], [4, 7], [8, 10], [11, 13], [14, 16], [17, 20]]
[[0, 2], [3, 5], [6, 10], [11, 13], [14, 16], [17, 20]]
[[0, 3], [4, 7], [8, 10], [11, 13], [14, 16], [17, 20]]
[[0, 2], [3, 7], [8, 10], [11, 13], [14, 16], [17, 20]]
[[0, 4], [5, 7], [8, 10], [11, 13], [14, 16], [17, 20]]
[[0, 2], [3, 7], [8, 10], [11, 13], [14, 16], [17, 20]]
[[0, 2], [3, 7], [8, 10], [11, 13], [14, 16], [17, 20]]
[[0, 4], [5, 7], [8, 10], [11, 13], [14, 16], [17, 20]]
[[0, 2], [3, 6], [7, 10], [11, 13], [14, 16], [17, 20]]
[[0, 3], [4, 6], [7, 10], [11, 13], [14, 16], [17, 20]]
[[0, 3], [4, 6], [7, 10], [11, 13], [14, 16], [17, 20]]
[[0, 3], [4, 6], [7, 10], [11, 13], [14, 16], [17, 20]]
[[0, 3], [4, 7], [8, 10], [11, 13], [14, 16], [17, 20]]
[[0, 2], [3, 6], [7, 10], [11, 13], [14, 16], [17, 20]]
[[0, 2], [3, 7], [8, 10], [11, 13], [14, 16], [17, 20]]
[[0, 2], [3, 6], [7, 10], [11, 13], [14, 16], [17, 20]]
[[0, 3], [4, 7], [8, 10], [11, 13], [14, 16], [17, 20]]
[[0, 4], [5, 7], [8, 10], [11, 13], [14, 16], [17, 20]]
[[0, 3], [4, 7], [8, 10], [11, 13], [14, 16], [17, 20]]
[[0, 4], [5, 7], [8, 10], [11, 13], [14, 16], [17, 20]]
[[0, 2], [3, 5], [6, 9], [10, 13], [14, 16], [17, 20]]
[[0, 4], [5, 7], [8, 10], [11, 13], [14, 16], [17, 20]]
[[0, 4], [5, 7], [8, 10], [11, 13], [14, 16], [17, 20]]
[[0, 4], [5, 7], [8, 10], [11, 13], [14, 16], [17, 20]]
[[0, 4], [5, 7], [8, 10], [11, 13], [14, 16], [17, 20]]
[[0, 4], [5, 7], [8, 10], [11, 13], [14, 16], [17, 20]]
[[0, 2], [3, 7], [8, 10], [11, 13], [14, 16], [17, 20]]
[[0, 2], [3, 7], [8, 10], [11, 13], [14, 16], [17, 20]]
[[0, 4], [5, 7], [8, 10], [11, 13], [14, 16], [17, 20]]
[[0, 2], [3, 7], [8, 10], [11, 13], [14, 16], [17, 20]]
[[0, 2], [3, 5], [6, 9], [10, 12], [13, 15], [16, 20]]
[[0, 4], [5, 7], [8, 10], [11, 13], [14, 16], [17, 20]]
[[0, 3], [4, 6], [7, 9], [10, 12], [13, 15], [16, 20]]
[[0, 4], [5, 7], [8, 10], [11, 13], [14, 16], [17, 20]]
[[0, 4], [5, 7], [8, 10], [11, 13], [14, 16], [17, 20]]
[[0, 2], [3, 7], [8, 10], [11, 13], [14, 16], [17, 20]]
[[0, 3], [4, 7], [8, 10], [11, 13], [14, 16], [17, 20]]
[[0, 2], [3, 7], [8, 10], [11, 13], [14, 16], [17, 20]]
[[0, 4], [5, 7], [8, 10], [11, 13], [14, 16], [17, 20]]
[[0, 3], [4, 7], [8, 10], [11, 13], [14, 16], [17, 20]]
[[0, 3], [4, 6], [7, 9], [10, 13], [14, 16], [17, 20]]
[[0, 4], [5, 7], [8, 10], [11, 13], [14, 16], [17, 20]]
[[0, 4], [5, 7], [8, 10], [11, 13], [14, 16], [17, 20]]
[[0, 4], [5, 7], [8, 10], [11, 13], [14, 16], [17, 20]]
[[0, 4], [5, 7], [8, 10], [11, 13], [14, 16], [17, 20]]
[[0, 2], [3, 6], [7, 10], [11, 13], [14, 16], [17, 20]]
[[0, 2], [3, 5], [6, 10], [11, 13], [14, 16], [17, 20]]
[[0, 2], [3, 6], [7, 9], [10, 13], [14, 16], [17, 20]]
[[0, 2], [3, 6], [7, 10], [11, 13], [14, 16], [17, 20]]
[[0, 2], [3, 6], [7, 9], [10, 13], [14, 16], [17, 20]]
[[0, 3], [4, 6], [7, 10], [11, 13], [14, 16], [17, 20]]
[[0, 3], [4, 7], [8, 10], [11, 13], [14, 16], [17, 20]]
[[0, 4], [5, 7], [8, 10], [11, 13], [14, 16], [17, 20]]
[[0, 3], [4, 6], [7, 9], [10, 13], [14, 16], [17, 20]]
[[0, 3], [4, 7], [8, 10], [11, 13], [14, 16], [17, 20]]
[[0, 2], [3, 5], [6, 8], [9, 13], [14, 16], [17, 20]]
[[0, 4], [5, 7], [8, 10], [11, 13], [14, 16], [17, 20]]
[[0, 4], [5, 7], [8, 10], [11, 13], [14, 16], [17, 20]]
[[0, 4], [5, 7], [8, 10], [11, 13], [14, 16], [17, 20]]
[[0, 2], [3, 5], [6, 10], [11, 13], [14, 16], [17, 20]]
[[0, 3], [4, 6], [7, 9], [10, 13], [14, 16], [17, 20]]
]
Max value: 2000
平均実行時間: 0.008695879974402488 秒
