====================
入札者数: 10
財の個数: 10
傾き:
[
[27, 42, 89, 63, 53, 46, 13, 33, 24, 74]
[96, 69, 16, 31, 84, 54, 69, 27, 81, 68]
[90, 50, 79, 88, 30, 37, 27, 65, 51, 55]
[91, 46, 74, 31, 60, 61, 84, 77, 25, 26]
[96, 46, 61, 51, 77, 67, 63, 55, 11, 98]
[38, 11, 34, 61, 53, 15, 81, 27, 96, 13]
[33, 48, 93, 49, 77, 77, 20, 58, 65, 71]
[21, 53, 46, 68, 98, 58, 92, 53, 16, 88]
[76, 57, 62, 100, 19, 53, 99, 97, 41, 100]
[12, 71, 86, 20, 74, 50, 43, 34, 66, 50]
]
需要区間:
[
[[0, 0], [1, 1], [2, 2], [3, 3], [4, 4], [5, 5], [6, 6], [7, 7], [8, 8], [9, 10]]
[[0, 0], [1, 1], [2, 2], [3, 3], [4, 4], [5, 5], [6, 6], [7, 7], [8, 8], [9, 10]]
[[0, 0], [1, 1], [2, 2], [3, 3], [4, 4], [5, 5], [6, 6], [7, 7], [8, 8], [9, 10]]
[[0, 0], [1, 1], [2, 2], [3, 3], [4, 4], [5, 5], [6, 6], [7, 7], [8, 8], [9, 10]]
[[0, 0], [1, 1], [2, 2], [3, 3], [4, 4], [5, 5], [6, 6], [7, 7], [8, 8], [9, 10]]
[[0, 0], [1, 1], [2, 2], [3, 3], [4, 4], [5, 5], [6, 6], [7, 7], [8, 8], [9, 10]]
[[0, 0], [1, 1], [2, 2], [3, 3], [4, 4], [5, 5], [6, 6], [7, 7], [8, 8], [9, 10]]
[[0, 0], [1, 1], [2, 2], [3, 3], [4, 4], [5, 5], [6, 6], [7, 7], [8, 8], [9, 10]]
[[0, 0], [1, 1], [2, 2], [3, 3], [4, 4], [5, 5], [6, 6], [7, 7], [8, 8], [9, 10]]
[[0, 0], [1, 1], [2, 2], [3, 3], [4, 4], [5, 5], [6, 6], [7, 7], [8, 8], [9, 10]]
]
Max value: 1000
====================
入札者数: 10
財の個数: 10
傾き:
[
[64, 49, 70, 48, 43, 46, 57, 19]
[12, 92, 90, 44, 42, 66, 46, 42]
[60, 86, 53, 86, 88, 47, 42, 76]
[53, 53, 52, 54, 67, 54, 98, 69]
[42, 55, 92, 47, 76, 92, 18, 18]
[28, 74, 31, 27, 40, 83, 19, 66]
[95, 95, 48, 24, 30, 39, 95, 66]
[51, 44, 15, 64, 80, 70, 75, 91]
[80, 39, 88, 11, 41, 74, 28, 47]
[33, 15, 28, 21, 23, 31, 29, 91]
]
需要区間:
[
[[0, 0], [1, 2], [3, 4], [5, 5], [6, 6], [7, 7], [8, 8], [9, 10]]
[[0, 1], [2, 2], [3, 4], [5, 5], [6, 6], [7, 7], [8, 8], [9, 10]]
[[0, 1], [2, 2], [3, 3], [4, 5], [6, 6], [7, 7], [8, 8], [9, 10]]
[[0, 0], [1, 3], [4, 4], [5, 5], [6, 6], [7, 7], [8, 8], [9, 10]]
[[0, 2], [3, 3], [4, 4], [5, 5], [6, 6], [7, 7], [8, 8], [9, 10]]
[[0, 1], [2, 3], [4, 4], [5, 5], [6, 6], [7, 7], [8, 8], [9, 10]]
[[0, 1], [2, 2], [3, 4], [5, 5], [6, 6], [7, 7], [8, 8], [9, 10]]
[[0, 0], [1, 2], [3, 4], [5, 5], [6, 6], [7, 7], [8, 8], [9, 10]]
[[0, 1], [2, 2], [3, 4], [5, 5], [6, 6], [7, 7], [8, 8], [9, 10]]
[[0, 1], [2, 2], [3, 3], [4, 4], [5, 5], [6, 7], [8, 8], [9, 10]]
]
Max value: 974
====================
入札者数: 10
財の個数: 10
傾き:
[
[68, 44, 60, 15, 79, 89, 63, 43, 26, 35]
[18, 92, 13, 18, 16, 82, 29, 67, 78, 46]
[37, 93, 46, 41, 100, 99, 87, 60, 48, 27]
[78, 34, 17, 95, 28, 74, 94, 63, 34, 80]
[83, 65, 74, 64, 89, 44, 59, 58, 82, 46]
[22, 70, 75, 83, 65, 28, 71, 67, 61, 39]
[95, 60, 33, 25, 32, 46, 55, 93, 69, 74]
[51, 24, 83, 20, 38, 43, 36, 68, 98, 85]
[46, 46, 94, 33, 61, 64, 71, 82, 51, 87]
[28, 55, 80, 38, 20, 66, 95, 100, 73, 96]
]
需要区間:
[
[[0, 0], [1, 1], [2, 2], [3, 3], [4, 4], [5, 5], [6, 6], [7, 7], [8, 8], [9, 10]]
[[0, 0], [1, 1], [2, 2], [3, 3], [4, 4], [5, 5], [6, 6], [7, 7], [8, 8], [9, 10]]
[[0, 0], [1, 1], [2, 2], [3, 3], [4, 4], [5, 5], [6, 6], [7, 7], [8, 8], [9, 10]]
[[0, 0], [1, 1], [2, 2], [3, 3], [4, 4], [5, 5], [6, 6], [7, 7], [8, 8], [9, 10]]
[[0, 0], [1, 1], [2, 2], [3, 3], [4, 4], [5, 5], [6, 6], [7, 7], [8, 8], [9, 10]]
[[0, 0], [1, 1], [2, 2], [3, 3], [4, 4], [5, 5], [6, 6], [7, 7], [8, 8], [9, 10]]
[[0, 0], [1, 1], [2, 2], [3, 3], [4, 4], [5, 5], [6, 6], [7, 7], [8, 8], [9, 10]]
[[0, 0], [1, 1], [2, 2], [3, 3], [4, 4], [5, 5], [6, 6], [7, 7], [8, 8], [9, 10]]
[[0, 0], [1, 1], [2, 2], [3, 3], [4, 4], [5, 5], [6, 6], [7, 7], [8, 8], [9, 10]]
[[0, 0], [1, 1], [2, 2], [3, 3], [4, 4], [5, 5], [6, 6], [7, 7], [8, 8], [9, 10]]
]
Max value: 985
====================
入札者数: 10
財の個数: 10
傾き:
[
[52, 47, 30, 49, 84, 74, 63, 57, 86, 44]
[94, 19, 25, 83, 100, 89, 53, 19, 86, 37]
[56, 25, 57, 46, 34, 69, 30, 60, 97, 44]
[30, 34, 70, 75, 54, 70, 87, 10, 83, 32]
[52, 78, 73, 95, 43, 67, 91, 58, 30, 29]
[41, 67, 19, 58, 16, 100, 24, 86, 34, 41]
[69, 14, 76, 98, 97, 70, 43, 55, 47, 12]
[26, 94, 52, 62, 92, 54, 72, 23, 12, 17]
[11, 32, 65, 83, 80, 14, 47, 71, 96, 64]
[36, 49, 71, 16, 42, 48, 81, 46, 71, 66]
]
需要区間:
[
[[0, 0], [1, 1], [2, 2], [3, 3], [4, 4], [5, 5], [6, 6], [7, 7], [8, 8], [9, 10]]
[[0, 0], [1, 1], [2, 2], [3, 3], [4, 4], [5, 5], [6, 6], [7, 7], [8, 8], [9, 10]]
[[0, 0], [1, 1], [2, 2], [3, 3], [4, 4], [5, 5], [6, 6], [7, 7], [8, 8], [9, 10]]
[[0, 0], [1, 1], [2, 2], [3, 3], [4, 4], [5, 5], [6, 6], [7, 7], [8, 8], [9, 10]]
[[0, 0], [1, 1], [2, 2], [3, 3], [4, 4], [5, 5], [6, 6], [7, 7], [8, 8], [9, 10]]
[[0, 0], [1, 1], [2, 2], [3, 3], [4, 4], [5, 5], [6, 6], [7, 7], [8, 8], [9, 10]]
[[0, 0], [1, 1], [2, 2], [3, 3], [4, 4], [5, 5], [6, 6], [7, 7], [8, 8], [9, 10]]
[[0, 0], [1, 1], [2, 2], [3, 3], [4, 4], [5, 5], [6, 6], [7, 7], [8, 8], [9, 10]]
[[0, 0], [1, 1], [2, 2], [3, 3], [4, 4], [5, 5], [6, 6], [7, 7], [8, 8], [9, 10]]
[[0, 0], [1, 1], [2, 2], [3, 3], [4, 4], [5, 5], [6, 6], [7, 7], [8, 8], [9, 10]]
]
Max value: 994
====================
入札者数: 10
財の個数: 10
傾き:
[
[54, 10, 43, 93, 82, 78, 35, 37]
[96, 100, 41, 40, 59, 62, 37, 37]
[67, 81, 45, 14, 86, 24, 94, 74]
[53, 55, 26, 97, 85, 36, 82, 82]
[21, 67, 23, 31, 41, 36, 80, 75]
[72, 59, 62, 19, 61, 58, 43, 96]
[43, 85, 73, 27, 86, 36, 81, 41]
[58, 74, 37, 49, 22, 87, 29, 46]
[90, 38, 46, 56, 48, 77, 35, 43]
[19, 65, 50, 79, 66, 36, 32, 97]
]
需要区間:
[
[[0, 1], [2, 3], [4, 4], [5, 5], [6, 6], [7, 7], [8, 8], [9, 10]]
[[0, 1], [2, 2], [3, 3], [4, 5], [6, 6], [7, 7], [8, 8], [9, 10]]
[[0, 2], [3, 3], [4, 4], [5, 5], [6, 6], [7, 7], [8, 8], [9, 10]]
[[0, 0], [1, 3], [4, 4], [5, 5], [6, 6], [7, 7], [8, 8], [9, 10]]
[[0, 0], [1, 2], [3, 4], [5, 5], [6, 6], [7, 7], [8, 8], [9, 10]]
[[0, 2], [3, 3], [4, 4], [5, 5], [6, 6], [7, 7], [8, 8], [9, 10]]
[[0, 0], [1, 2], [3, 4], [5, 5], [6, 6], [7, 7], [8, 8], [9, 10]]
[[0, 1], [2, 3], [4, 4], [5, 5], [6, 6], [7, 7], [8, 8], [9, 10]]
[[0, 0], [1, 3], [4, 4], [5, 5], [6, 6], [7, 7], [8, 8], [9, 10]]
[[0, 2], [3, 3], [4, 4], [5, 5], [6, 6], [7, 7], [8, 8], [9, 10]]
]
Max value: 970
====================
入札者数: 10
財の個数: 10
傾き:
[
[53, 65, 93, 26, 70, 18, 49]
[75, 41, 82, 33, 66, 17, 27]
[28, 31, 80, 76, 53, 41, 39]
[89, 71, 25, 84, 98, 79, 17]
[96, 59, 34, 71, 30, 89, 44]
[13, 83, 78, 50, 63, 75, 39]
[62, 23, 95, 68, 38, 28, 13]
[22, 84, 80, 72, 44, 42, 63]
[21, 74, 82, 62, 78, 74, 26]
[69, 52, 12, 51, 89, 52, 70]
]
需要区間:
[
[[0, 3], [4, 4], [5, 5], [6, 6], [7, 7], [8, 8], [9, 10]]
[[0, 2], [3, 3], [4, 4], [5, 6], [7, 7], [8, 8], [9, 10]]
[[0, 0], [1, 3], [4, 4], [5, 6], [7, 7], [8, 8], [9, 10]]
[[0, 1], [2, 2], [3, 5], [6, 6], [7, 7], [8, 8], [9, 10]]
[[0, 0], [1, 4], [5, 5], [6, 6], [7, 7], [8, 8], [9, 10]]
[[0, 2], [3, 4], [5, 5], [6, 6], [7, 7], [8, 8], [9, 10]]
[[0, 1], [2, 2], [3, 4], [5, 6], [7, 7], [8, 8], [9, 10]]
[[0, 2], [3, 4], [5, 5], [6, 6], [7, 7], [8, 8], [9, 10]]
[[0, 2], [3, 3], [4, 5], [6, 6], [7, 7], [8, 8], [9, 10]]
[[0, 3], [4, 4], [5, 5], [6, 6], [7, 7], [8, 8], [9, 10]]
]
Max value: 971
====================
入札者数: 10
財の個数: 10
傾き:
[
[39, 74, 23, 58, 55, 43, 33, 73, 61, 46]
[38, 17, 31, 11, 78, 42, 85, 23, 96, 23]
[71, 68, 45, 76, 47, 84, 41, 27, 22, 99]
[29, 47, 57, 45, 41, 37, 77, 38, 44, 31]
[30, 11, 33, 30, 90, 71, 44, 62, 51, 72]
[78, 32, 90, 29, 34, 20, 17, 52, 21, 87]
[99, 38, 37, 72, 89, 68, 24, 39, 29, 21]
[78, 20, 92, 53, 72, 63, 61, 89, 78, 95]
[57, 85, 52, 35, 21, 45, 62, 79, 57, 46]
[47, 11, 56, 73, 83, 73, 63, 27, 77, 56]
]
需要区間:
[
[[0, 0], [1, 1], [2, 2], [3, 3], [4, 4], [5, 5], [6, 6], [7, 7], [8, 8], [9, 10]]
[[0, 0], [1, 1], [2, 2], [3, 3], [4, 4], [5, 5], [6, 6], [7, 7], [8, 8], [9, 10]]
[[0, 0], [1, 1], [2, 2], [3, 3], [4, 4], [5, 5], [6, 6], [7, 7], [8, 8], [9, 10]]
[[0, 0], [1, 1], [2, 2], [3, 3], [4, 4], [5, 5], [6, 6], [7, 7], [8, 8], [9, 10]]
[[0, 0], [1, 1], [2, 2], [3, 3], [4, 4], [5, 5], [6, 6], [7, 7], [8, 8], [9, 10]]
[[0, 0], [1, 1], [2, 2], [3, 3], [4, 4], [5, 5], [6, 6], [7, 7], [8, 8], [9, 10]]
[[0, 0], [1, 1], [2, 2], [3, 3], [4, 4], [5, 5], [6, 6], [7, 7], [8, 8], [9, 10]]
[[0, 0], [1, 1], [2, 2], [3, 3], [4, 4], [5, 5], [6, 6], [7, 7], [8, 8], [9, 10]]
[[0, 0], [1, 1], [2, 2], [3, 3], [4, 4], [5, 5], [6, 6], [7, 7], [8, 8], [9, 10]]
[[0, 0], [1, 1], [2, 2], [3, 3], [4, 4], [5, 5], [6, 6], [7, 7], [8, 8], [9, 10]]
]
Max value: 990
====================
入札者数: 10
財の個数: 10
傾き:
[
[39, 13, 13, 65, 46]
[87, 76, 84, 98, 23]
[49, 73, 29, 84, 55]
[34, 91, 57, 59, 42]
[96, 70, 31, 65, 29]
[20, 66, 98, 27, 65]
[60, 90, 82, 90, 94]
[76, 56, 22, 56, 90]
[90, 76, 74, 42, 57]
[72, 67, 69, 27, 59]
]
需要区間:
[
[[0, 1], [2, 3], [4, 5], [6, 7], [8, 10]]
[[0, 1], [2, 3], [4, 5], [6, 7], [8, 10]]
[[0, 1], [2, 3], [4, 5], [6, 7], [8, 10]]
[[0, 1], [2, 3], [4, 5], [6, 7], [8, 10]]
[[0, 1], [2, 3], [4, 5], [6, 7], [8, 10]]
[[0, 1], [2, 3], [4, 5], [6, 7], [8, 10]]
[[0, 1], [2, 3], [4, 5], [6, 7], [8, 10]]
[[0, 1], [2, 3], [4, 5], [6, 7], [8, 10]]
[[0, 1], [2, 3], [4, 5], [6, 7], [8, 10]]
[[0, 1], [2, 3], [4, 5], [6, 7], [8, 10]]
]
Max value: 980
====================
入札者数: 10
財の個数: 10
傾き:
[
[45, 31, 11, 28, 91]
[95, 41, 28, 36, 83]
[11, 45, 56, 75, 61]
[71, 34, 41, 17, 88]
[29, 92, 64, 20, 75]
[27, 60, 34, 75, 15]
[67, 44, 24, 62, 24]
[32, 21, 92, 40, 75]
[74, 87, 45, 20, 78]
[31, 18, 11, 91, 72]
]
需要区間:
[
[[0, 1], [2, 3], [4, 5], [6, 7], [8, 10]]
[[0, 1], [2, 3], [4, 5], [6, 7], [8, 10]]
[[0, 1], [2, 3], [4, 5], [6, 7], [8, 10]]
[[0, 1], [2, 3], [4, 5], [6, 7], [8, 10]]
[[0, 1], [2, 3], [4, 5], [6, 7], [8, 10]]
[[0, 1], [2, 3], [4, 5], [6, 7], [8, 10]]
[[0, 1], [2, 3], [4, 5], [6, 7], [8, 10]]
[[0, 1], [2, 3], [4, 5], [6, 7], [8, 10]]
[[0, 1], [2, 3], [4, 5], [6, 7], [8, 10]]
[[0, 1], [2, 3], [4, 5], [6, 7], [8, 10]]
]
Max value: 917
====================
入札者数: 10
財の個数: 10
傾き:
[
[68, 93, 89, 95, 75, 24, 99]
[54, 40, 16, 62, 85, 54, 81]
[69, 27, 80, 51, 37, 89, 57]
[87, 38, 93, 61, 88, 72, 75]
[40, 57, 11, 84, 90, 54, 49]
[71, 80, 45, 70, 16, 83, 62]
[52, 78, 99, 26, 97, 91, 57]
[99, 50, 38, 27, 46, 30, 10]
[100, 38, 60, 53, 87, 20, 86]
[37, 91, 16, 35, 62, 95, 54]
]
需要区間:
[
[[0, 0], [1, 2], [3, 3], [4, 6], [7, 7], [8, 8], [9, 10]]
[[0, 1], [2, 4], [5, 5], [6, 6], [7, 7], [8, 8], [9, 10]]
[[0, 0], [1, 4], [5, 5], [6, 6], [7, 7], [8, 8], [9, 10]]
[[0, 0], [1, 4], [5, 5], [6, 6], [7, 7], [8, 8], [9, 10]]
[[0, 0], [1, 2], [3, 4], [5, 6], [7, 7], [8, 8], [9, 10]]
[[0, 1], [2, 4], [5, 5], [6, 6], [7, 7], [8, 8], [9, 10]]
[[0, 2], [3, 3], [4, 5], [6, 6], [7, 7], [8, 8], [9, 10]]
[[0, 2], [3, 4], [5, 5], [6, 6], [7, 7], [8, 8], [9, 10]]
[[0, 1], [2, 4], [5, 5], [6, 6], [7, 7], [8, 8], [9, 10]]
[[0, 0], [1, 2], [3, 5], [6, 6], [7, 7], [8, 8], [9, 10]]
]
Max value: 991
平均実行時間: 0.0003540299949236214 秒
