====================
入札者数: 10
財の個数: 50
傾き:
[
[63, 41, 81, 54, 84]
[66, 48, 25, 55, 75]
[85, 46, 63, 30, 53]
[51, 47, 19, 21, 32]
[41, 96, 33, 75, 60]
[60, 39, 17, 99, 88]
[31, 46, 70, 43, 80]
[79, 92, 65, 85, 77]
[95, 37, 23, 80, 43]
[24, 68, 14, 23, 25]
]
需要区間:
[
[[0, 9], [10, 19], [20, 29], [30, 39], [40, 50]]
[[0, 9], [10, 19], [20, 29], [30, 39], [40, 50]]
[[0, 9], [10, 19], [20, 29], [30, 39], [40, 50]]
[[0, 9], [10, 19], [20, 29], [30, 39], [40, 50]]
[[0, 9], [10, 19], [20, 29], [30, 39], [40, 50]]
[[0, 9], [10, 19], [20, 29], [30, 39], [40, 50]]
[[0, 9], [10, 19], [20, 29], [30, 39], [40, 50]]
[[0, 9], [10, 19], [20, 29], [30, 39], [40, 50]]
[[0, 9], [10, 19], [20, 29], [30, 39], [40, 50]]
[[0, 9], [10, 19], [20, 29], [30, 39], [40, 50]]
]
Max value: 4917
====================
入札者数: 10
財の個数: 50
傾き:
[
[80, 25, 81, 74, 48, 31, 41]
[99, 80, 32, 29, 62, 19, 52]
[34, 56, 37, 52, 73, 92, 32]
[93, 92, 15, 53, 87, 16, 72]
[27, 58, 46, 49, 51, 81, 54]
[49, 59, 62, 100, 67, 47, 39]
[72, 80, 31, 33, 27, 94, 83]
[98, 48, 67, 38, 23, 85, 87]
[10, 82, 32, 58, 39, 20, 96]
[82, 42, 89, 40, 58, 29, 49]
]
需要区間:
[
[[0, 7], [8, 14], [15, 21], [22, 28], [29, 35], [36, 42], [43, 50]]
[[0, 7], [8, 14], [15, 21], [22, 28], [29, 35], [36, 42], [43, 50]]
[[0, 7], [8, 14], [15, 21], [22, 28], [29, 35], [36, 42], [43, 50]]
[[0, 7], [8, 14], [15, 21], [22, 28], [29, 35], [36, 42], [43, 50]]
[[0, 6], [7, 14], [15, 21], [22, 28], [29, 35], [36, 42], [43, 50]]
[[0, 6], [7, 13], [14, 21], [22, 28], [29, 35], [36, 42], [43, 50]]
[[0, 7], [8, 14], [15, 21], [22, 28], [29, 35], [36, 42], [43, 50]]
[[0, 7], [8, 14], [15, 21], [22, 28], [29, 35], [36, 42], [43, 50]]
[[0, 6], [7, 14], [15, 21], [22, 28], [29, 35], [36, 42], [43, 50]]
[[0, 7], [8, 14], [15, 21], [22, 28], [29, 35], [36, 42], [43, 50]]
]
Max value: 4915
====================
入札者数: 10
財の個数: 50
傾き:
[
[27, 13, 42, 61, 36, 57, 45, 55, 31, 78]
[20, 56, 31, 18, 35, 86, 11, 92, 74, 40]
[44, 29, 34, 16, 49, 45, 41, 90, 26, 34]
[28, 50, 67, 90, 19, 18, 35, 44, 61, 79]
[99, 90, 100, 40, 15, 44, 30, 93, 97, 91]
[96, 17, 65, 83, 12, 73, 74, 80, 13, 18]
[66, 90, 83, 55, 46, 73, 23, 87, 77, 35]
[75, 95, 26, 10, 59, 86, 32, 83, 53, 95]
[29, 83, 32, 40, 82, 66, 20, 24, 63, 34]
[12, 42, 31, 100, 33, 10, 84, 96, 30, 92]
]
需要区間:
[
[[0, 4], [5, 9], [10, 14], [15, 19], [20, 24], [25, 29], [30, 34], [35, 39], [40, 44], [45, 50]]
[[0, 4], [5, 9], [10, 14], [15, 19], [20, 24], [25, 29], [30, 34], [35, 39], [40, 44], [45, 50]]
[[0, 4], [5, 9], [10, 14], [15, 19], [20, 24], [25, 29], [30, 34], [35, 39], [40, 44], [45, 50]]
[[0, 4], [5, 9], [10, 14], [15, 19], [20, 24], [25, 29], [30, 34], [35, 39], [40, 44], [45, 50]]
[[0, 4], [5, 9], [10, 14], [15, 19], [20, 24], [25, 29], [30, 34], [35, 39], [40, 44], [45, 50]]
[[0, 4], [5, 9], [10, 14], [15, 19], [20, 24], [25, 29], [30, 34], [35, 39], [40, 44], [45, 50]]
[[0, 4], [5, 9], [10, 14], [15, 19], [20, 24], [25, 29], [30, 34], [35, 39], [40, 44], [45, 50]]
[[0, 4], [5, 9], [10, 14], [15, 19], [20, 24], [25, 29], [30, 34], [35, 39], [40, 44], [45, 50]]
[[0, 4], [5, 9], [10, 14], [15, 19], [20, 24], [25, 29], [30, 34], [35, 39], [40, 44], [45, 50]]
[[0, 4], [5, 9], [10, 14], [15, 19], [20, 24], [25, 29], [30, 34], [35, 39], [40, 44], [45, 50]]
]
Max value: 4894
====================
入札者数: 10
財の個数: 50
傾き:
[
[88, 27, 91, 54, 99, 74, 51, 61]
[100, 31, 83, 94, 67, 36, 84, 39]
[64, 27, 57, 28, 14, 94, 55, 90]
[37, 82, 90, 47, 91, 53, 39, 12]
[82, 48, 35, 15, 54, 92, 15, 55]
[71, 13, 15, 48, 38, 39, 92, 14]
[66, 29, 30, 29, 98, 87, 79, 80]
[21, 96, 81, 21, 88, 82, 59, 53]
[19, 38, 42, 75, 77, 96, 24, 95]
[13, 61, 47, 93, 69, 78, 37, 43]
]
需要区間:
[
[[0, 5], [6, 13], [14, 19], [20, 25], [26, 31], [32, 37], [38, 43], [44, 50]]
[[0, 6], [7, 13], [14, 19], [20, 25], [26, 31], [32, 37], [38, 43], [44, 50]]
[[0, 5], [6, 13], [14, 19], [20, 25], [26, 31], [32, 37], [38, 43], [44, 50]]
[[0, 5], [6, 12], [13, 18], [19, 25], [26, 31], [32, 37], [38, 43], [44, 50]]
[[0, 7], [8, 13], [14, 19], [20, 25], [26, 31], [32, 37], [38, 43], [44, 50]]
[[0, 5], [6, 12], [13, 18], [19, 24], [25, 31], [32, 37], [38, 43], [44, 50]]
[[0, 5], [6, 13], [14, 19], [20, 25], [26, 31], [32, 37], [38, 43], [44, 50]]
[[0, 7], [8, 13], [14, 19], [20, 25], [26, 31], [32, 37], [38, 43], [44, 50]]
[[0, 7], [8, 13], [14, 19], [20, 25], [26, 31], [32, 37], [38, 43], [44, 50]]
[[0, 7], [8, 13], [14, 19], [20, 25], [26, 31], [32, 37], [38, 43], [44, 50]]
]
Max value: 4917
====================
入札者数: 10
財の個数: 50
傾き:
[
[49, 43, 88, 15, 72, 86]
[25, 96, 17, 18, 16, 75]
[100, 75, 14, 56, 19, 95]
[34, 18, 30, 87, 99, 43]
[62, 69, 10, 86, 71, 48]
[50, 56, 99, 26, 74, 10]
[73, 41, 12, 86, 90, 50]
[45, 69, 45, 25, 33, 61]
[82, 75, 88, 48, 98, 94]
[89, 19, 56, 41, 62, 39]
]
需要区間:
[
[[0, 8], [9, 16], [17, 25], [26, 33], [34, 41], [42, 50]]
[[0, 7], [8, 17], [18, 25], [26, 33], [34, 41], [42, 50]]
[[0, 7], [8, 16], [17, 25], [26, 33], [34, 41], [42, 50]]
[[0, 7], [8, 16], [17, 25], [26, 33], [34, 41], [42, 50]]
[[0, 7], [8, 15], [16, 23], [24, 32], [33, 40], [41, 50]]
[[0, 8], [9, 16], [17, 25], [26, 33], [34, 41], [42, 50]]
[[0, 9], [10, 17], [18, 25], [26, 33], [34, 41], [42, 50]]
[[0, 9], [10, 17], [18, 25], [26, 33], [34, 41], [42, 50]]
[[0, 7], [8, 17], [18, 25], [26, 33], [34, 41], [42, 50]]
[[0, 9], [10, 17], [18, 25], [26, 33], [34, 41], [42, 50]]
]
Max value: 4937
====================
入札者数: 10
財の個数: 50
傾き:
[
[38, 20, 57, 54, 24, 42, 69, 43, 22]
[87, 100, 84, 26, 46, 39, 62, 91, 19]
[32, 78, 71, 40, 45, 97, 40, 32, 93]
[31, 81, 82, 82, 26, 16, 45, 24, 27]
[20, 60, 94, 81, 88, 86, 44, 71, 30]
[83, 42, 37, 28, 72, 72, 15, 21, 11]
[95, 52, 47, 80, 75, 56, 63, 26, 96]
[55, 10, 69, 95, 44, 78, 79, 32, 84]
[72, 53, 94, 18, 68, 95, 89, 83, 62]
[94, 49, 92, 15, 31, 14, 24, 39, 55]
]
需要区間:
[
[[0, 4], [5, 11], [12, 18], [19, 23], [24, 29], [30, 34], [35, 39], [40, 44], [45, 50]]
[[0, 5], [6, 14], [15, 19], [20, 24], [25, 29], [30, 34], [35, 39], [40, 44], [45, 50]]
[[0, 9], [10, 14], [15, 19], [20, 24], [25, 29], [30, 34], [35, 39], [40, 44], [45, 50]]
[[0, 6], [7, 14], [15, 19], [20, 24], [25, 29], [30, 34], [35, 39], [40, 44], [45, 50]]
[[0, 4], [5, 12], [13, 19], [20, 24], [25, 29], [30, 34], [35, 39], [40, 44], [45, 50]]
[[0, 7], [8, 14], [15, 19], [20, 24], [25, 29], [30, 34], [35, 39], [40, 44], [45, 50]]
[[0, 9], [10, 14], [15, 19], [20, 24], [25, 29], [30, 34], [35, 39], [40, 44], [45, 50]]
[[0, 9], [10, 14], [15, 19], [20, 24], [25, 29], [30, 34], [35, 39], [40, 44], [45, 50]]
[[0, 8], [9, 13], [14, 19], [20, 24], [25, 29], [30, 34], [35, 39], [40, 44], [45, 50]]
[[0, 4], [5, 13], [14, 19], [20, 24], [25, 29], [30, 34], [35, 39], [40, 44], [45, 50]]
]
Max value: 4888
====================
入札者数: 10
財の個数: 50
傾き:
[
[55, 37, 91, 62, 77]
[32, 70, 65, 47, 68]
[13, 11, 75, 66, 12]
[30, 76, 55, 28, 22]
[72, 60, 58, 63, 61]
[63, 15, 16, 51, 29]
[83, 54, 45, 41, 78]
[95, 83, 79, 77, 72]
[19, 72, 47, 80, 53]
[41, 92, 71, 46, 30]
]
需要区間:
[
[[0, 9], [10, 19], [20, 29], [30, 39], [40, 50]]
[[0, 9], [10, 19], [20, 29], [30, 39], [40, 50]]
[[0, 9], [10, 19], [20, 29], [30, 39], [40, 50]]
[[0, 9], [10, 19], [20, 29], [30, 39], [40, 50]]
[[0, 9], [10, 19], [20, 29], [30, 39], [40, 50]]
[[0, 9], [10, 19], [20, 29], [30, 39], [40, 50]]
[[0, 9], [10, 19], [20, 29], [30, 39], [40, 50]]
[[0, 9], [10, 19], [20, 29], [30, 39], [40, 50]]
[[0, 9], [10, 19], [20, 29], [30, 39], [40, 50]]
[[0, 9], [10, 19], [20, 29], [30, 39], [40, 50]]
]
Max value: 4605
====================
入札者数: 10
財の個数: 50
傾き:
[
[75, 55, 50, 67, 58, 29, 10, 76, 18]
[78, 62, 40, 72, 21, 70, 21, 69, 40]
[18, 84, 59, 21, 67, 58, 75, 23, 46]
[91, 14, 74, 46, 39, 80, 53, 38, 40]
[38, 63, 15, 98, 51, 94, 78, 31, 95]
[25, 21, 17, 77, 56, 41, 47, 85, 13]
[46, 88, 35, 47, 48, 19, 71, 47, 97]
[28, 82, 51, 61, 64, 41, 93, 89, 18]
[37, 15, 10, 53, 82, 34, 18, 53, 71]
[98, 89, 11, 20, 23, 90, 86, 70, 71]
]
需要区間:
[
[[0, 5], [6, 10], [11, 16], [17, 21], [22, 26], [27, 34], [35, 39], [40, 44], [45, 50]]
[[0, 7], [8, 13], [14, 19], [20, 24], [25, 29], [30, 34], [35, 39], [40, 44], [45, 50]]
[[0, 8], [9, 14], [15, 19], [20, 24], [25, 29], [30, 34], [35, 39], [40, 44], [45, 50]]
[[0, 6], [7, 11], [12, 19], [20, 24], [25, 29], [30, 34], [35, 39], [40, 44], [45, 50]]
[[0, 4], [5, 12], [13, 19], [20, 24], [25, 29], [30, 34], [35, 39], [40, 44], [45, 50]]
[[0, 8], [9, 14], [15, 19], [20, 24], [25, 29], [30, 34], [35, 39], [40, 44], [45, 50]]
[[0, 7], [8, 12], [13, 17], [18, 24], [25, 29], [30, 34], [35, 39], [40, 44], [45, 50]]
[[0, 9], [10, 14], [15, 19], [20, 24], [25, 29], [30, 34], [35, 39], [40, 44], [45, 50]]
[[0, 7], [8, 13], [14, 19], [20, 24], [25, 29], [30, 34], [35, 39], [40, 44], [45, 50]]
[[0, 9], [10, 14], [15, 19], [20, 24], [25, 29], [30, 34], [35, 39], [40, 44], [45, 50]]
]
Max value: 4855
====================
入札者数: 10
財の個数: 50
傾き:
[
[41, 16, 12, 90, 76, 60, 94, 41]
[61, 35, 68, 64, 78, 86, 94, 31]
[28, 30, 94, 51, 89, 100, 32, 42]
[24, 72, 15, 43, 83, 48, 55, 80]
[20, 32, 97, 40, 35, 61, 47, 48]
[83, 53, 89, 29, 19, 44, 12, 83]
[69, 81, 72, 76, 36, 62, 100, 71]
[92, 66, 35, 31, 84, 20, 84, 98]
[68, 61, 96, 88, 44, 73, 80, 69]
[90, 50, 39, 30, 45, 99, 88, 36]
]
需要区間:
[
[[0, 5], [6, 13], [14, 19], [20, 25], [26, 31], [32, 37], [38, 43], [44, 50]]
[[0, 6], [7, 13], [14, 19], [20, 25], [26, 31], [32, 37], [38, 43], [44, 50]]
[[0, 6], [7, 12], [13, 19], [20, 25], [26, 31], [32, 37], [38, 43], [44, 50]]
[[0, 5], [6, 11], [12, 17], [18, 23], [24, 30], [31, 37], [38, 43], [44, 50]]
[[0, 5], [6, 13], [14, 19], [20, 25], [26, 31], [32, 37], [38, 43], [44, 50]]
[[0, 6], [7, 13], [14, 19], [20, 25], [26, 31], [32, 37], [38, 43], [44, 50]]
[[0, 7], [8, 13], [14, 19], [20, 25], [26, 31], [32, 37], [38, 43], [44, 50]]
[[0, 7], [8, 13], [14, 19], [20, 25], [26, 31], [32, 37], [38, 43], [44, 50]]
[[0, 7], [8, 13], [14, 19], [20, 25], [26, 31], [32, 37], [38, 43], [44, 50]]
[[0, 5], [6, 11], [12, 17], [18, 24], [25, 30], [31, 36], [37, 42], [43, 50]]
]
Max value: 4958
====================
入札者数: 10
財の個数: 50
傾き:
[
[82, 61, 39, 19, 93, 21, 100]
[23, 46, 20, 31, 38, 12, 57]
[97, 81, 65, 97, 67, 12, 24]
[78, 11, 59, 92, 51, 31, 82]
[46, 91, 98, 11, 59, 34, 51]
[18, 88, 94, 64, 62, 62, 10]
[36, 94, 81, 54, 30, 49, 50]
[87, 54, 42, 39, 77, 31, 37]
[20, 17, 36, 77, 30, 65, 71]
[23, 89, 93, 66, 43, 52, 56]
]
需要区間:
[
[[0, 6], [7, 14], [15, 21], [22, 28], [29, 35], [36, 42], [43, 50]]
[[0, 7], [8, 14], [15, 21], [22, 28], [29, 35], [36, 42], [43, 50]]
[[0, 7], [8, 14], [15, 21], [22, 28], [29, 35], [36, 42], [43, 50]]
[[0, 6], [7, 13], [14, 20], [21, 28], [29, 35], [36, 42], [43, 50]]
[[0, 7], [8, 14], [15, 21], [22, 28], [29, 35], [36, 42], [43, 50]]
[[0, 6], [7, 13], [14, 20], [21, 28], [29, 35], [36, 42], [43, 50]]
[[0, 7], [8, 14], [15, 21], [22, 28], [29, 35], [36, 42], [43, 50]]
[[0, 6], [7, 14], [15, 21], [22, 28], [29, 35], [36, 42], [43, 50]]
[[0, 7], [8, 14], [15, 21], [22, 28], [29, 35], [36, 42], [43, 50]]
[[0, 6], [7, 13], [14, 20], [21, 27], [28, 34], [35, 42], [43, 50]]
]
Max value: 5000
平均実行時間: 0.006018850009422749 秒
