====================
入札者数: 50
財の個数: 10
傾き:
[
[16, 83, 20, 34, 83, 60, 21, 38, 10, 91]
[16, 64, 80, 80, 67, 66, 33, 65, 42, 98]
[98, 45, 38, 39, 93, 76, 78, 75, 21, 54]
[47, 31, 61, 45, 71, 64, 78, 14, 41, 87]
[95, 42, 98, 63, 38, 36, 71, 34, 43, 90]
[36, 64, 92, 83, 36, 35, 53, 20, 99, 67]
[23, 35, 38, 79, 40, 70, 61, 39, 23, 81]
[69, 29, 50, 41, 38, 30, 68, 47, 88, 73]
[63, 71, 28, 33, 60, 41, 20, 82, 45, 54]
[55, 48, 47, 27, 93, 69, 30, 80, 27, 56]
[11, 13, 98, 40, 71, 69, 35, 36, 47, 25]
[22, 49, 21, 29, 99, 82, 87, 25, 79, 89]
[75, 71, 60, 93, 75, 17, 57, 13, 91, 50]
[62, 50, 85, 73, 25, 89, 95, 51, 35, 18]
[22, 32, 47, 73, 56, 42, 99, 57, 57, 96]
[100, 38, 35, 10, 89, 44, 69, 86, 23, 14]
[48, 75, 39, 28, 27, 84, 95, 80, 15, 10]
[86, 62, 63, 31, 99, 29, 10, 97, 86, 27]
[97, 24, 35, 48, 28, 89, 47, 87, 94, 97]
[86, 53, 23, 57, 83, 39, 86, 40, 68, 71]
[69, 48, 40, 61, 51, 94, 19, 31, 52, 24]
[38, 36, 55, 10, 72, 49, 24, 88, 56, 27]
[69, 51, 69, 51, 84, 74, 36, 42, 11, 23]
[68, 95, 83, 88, 29, 63, 50, 20, 36, 98]
[40, 74, 95, 95, 36, 100, 70, 60, 64, 65]
[12, 19, 54, 25, 55, 99, 26, 46, 52, 93]
[57, 97, 79, 36, 49, 89, 81, 57, 75, 90]
[83, 63, 81, 48, 41, 20, 53, 62, 71, 53]
[46, 32, 46, 96, 85, 11, 23, 61, 81, 72]
[16, 62, 48, 47, 28, 65, 67, 70, 57, 45]
[83, 35, 18, 30, 64, 79, 75, 62, 28, 36]
[80, 87, 64, 88, 80, 53, 30, 69, 35, 85]
[57, 83, 84, 62, 21, 93, 53, 46, 58, 41]
[62, 84, 64, 64, 62, 36, 59, 23, 31, 11]
[67, 58, 60, 54, 31, 52, 91, 62, 15, 48]
[19, 45, 51, 57, 58, 44, 91, 31, 81, 94]
[56, 71, 77, 68, 72, 67, 25, 90, 38, 62]
[37, 73, 20, 54, 28, 69, 64, 92, 22, 28]
[91, 40, 47, 88, 40, 30, 71, 60, 10, 85]
[65, 17, 35, 48, 18, 10, 61, 82, 43, 84]
[85, 78, 54, 12, 38, 86, 82, 56, 44, 85]
[24, 22, 90, 83, 54, 73, 98, 95, 78, 45]
[83, 66, 60, 83, 66, 75, 55, 34, 21, 87]
[57, 23, 29, 39, 63, 57, 26, 91, 14, 27]
[85, 62, 29, 20, 11, 61, 64, 41, 37, 60]
[28, 62, 97, 23, 27, 64, 55, 75, 18, 20]
[69, 36, 27, 85, 64, 63, 42, 64, 57, 32]
[82, 91, 16, 41, 22, 17, 56, 38, 29, 98]
[97, 96, 74, 69, 49, 97, 50, 47, 12, 47]
[52, 47, 16, 79, 13, 90, 76, 90, 75, 86]
]
需要区間:
[
[[0, 0], [1, 1], [2, 2], [3, 3], [4, 4], [5, 5], [6, 6], [7, 7], [8, 8], [9, 10]]
[[0, 0], [1, 1], [2, 2], [3, 3], [4, 4], [5, 5], [6, 6], [7, 7], [8, 8], [9, 10]]
[[0, 0], [1, 1], [2, 2], [3, 3], [4, 4], [5, 5], [6, 6], [7, 7], [8, 8], [9, 10]]
[[0, 0], [1, 1], [2, 2], [3, 3], [4, 4], [5, 5], [6, 6], [7, 7], [8, 8], [9, 10]]
[[0, 0], [1, 1], [2, 2], [3, 3], [4, 4], [5, 5], [6, 6], [7, 7], [8, 8], [9, 10]]
[[0, 0], [1, 1], [2, 2], [3, 3], [4, 4], [5, 5], [6, 6], [7, 7], [8, 8], [9, 10]]
[[0, 0], [1, 1], [2, 2], [3, 3], [4, 4], [5, 5], [6, 6], [7, 7], [8, 8], [9, 10]]
[[0, 0], [1, 1], [2, 2], [3, 3], [4, 4], [5, 5], [6, 6], [7, 7], [8, 8], [9, 10]]
[[0, 0], [1, 1], [2, 2], [3, 3], [4, 4], [5, 5], [6, 6], [7, 7], [8, 8], [9, 10]]
[[0, 0], [1, 1], [2, 2], [3, 3], [4, 4], [5, 5], [6, 6], [7, 7], [8, 8], [9, 10]]
[[0, 0], [1, 1], [2, 2], [3, 3], [4, 4], [5, 5], [6, 6], [7, 7], [8, 8], [9, 10]]
[[0, 0], [1, 1], [2, 2], [3, 3], [4, 4], [5, 5], [6, 6], [7, 7], [8, 8], [9, 10]]
[[0, 0], [1, 1], [2, 2], [3, 3], [4, 4], [5, 5], [6, 6], [7, 7], [8, 8], [9, 10]]
[[0, 0], [1, 1], [2, 2], [3, 3], [4, 4], [5, 5], [6, 6], [7, 7], [8, 8], [9, 10]]
[[0, 0], [1, 1], [2, 2], [3, 3], [4, 4], [5, 5], [6, 6], [7, 7], [8, 8], [9, 10]]
[[0, 0], [1, 1], [2, 2], [3, 3], [4, 4], [5, 5], [6, 6], [7, 7], [8, 8], [9, 10]]
[[0, 0], [1, 1], [2, 2], [3, 3], [4, 4], [5, 5], [6, 6], [7, 7], [8, 8], [9, 10]]
[[0, 0], [1, 1], [2, 2], [3, 3], [4, 4], [5, 5], [6, 6], [7, 7], [8, 8], [9, 10]]
[[0, 0], [1, 1], [2, 2], [3, 3], [4, 4], [5, 5], [6, 6], [7, 7], [8, 8], [9, 10]]
[[0, 0], [1, 1], [2, 2], [3, 3], [4, 4], [5, 5], [6, 6], [7, 7], [8, 8], [9, 10]]
[[0, 0], [1, 1], [2, 2], [3, 3], [4, 4], [5, 5], [6, 6], [7, 7], [8, 8], [9, 10]]
[[0, 0], [1, 1], [2, 2], [3, 3], [4, 4], [5, 5], [6, 6], [7, 7], [8, 8], [9, 10]]
[[0, 0], [1, 1], [2, 2], [3, 3], [4, 4], [5, 5], [6, 6], [7, 7], [8, 8], [9, 10]]
[[0, 0], [1, 1], [2, 2], [3, 3], [4, 4], [5, 5], [6, 6], [7, 7], [8, 8], [9, 10]]
[[0, 0], [1, 1], [2, 2], [3, 3], [4, 4], [5, 5], [6, 6], [7, 7], [8, 8], [9, 10]]
[[0, 0], [1, 1], [2, 2], [3, 3], [4, 4], [5, 5], [6, 6], [7, 7], [8, 8], [9, 10]]
[[0, 0], [1, 1], [2, 2], [3, 3], [4, 4], [5, 5], [6, 6], [7, 7], [8, 8], [9, 10]]
[[0, 0], [1, 1], [2, 2], [3, 3], [4, 4], [5, 5], [6, 6], [7, 7], [8, 8], [9, 10]]
[[0, 0], [1, 1], [2, 2], [3, 3], [4, 4], [5, 5], [6, 6], [7, 7], [8, 8], [9, 10]]
[[0, 0], [1, 1], [2, 2], [3, 3], [4, 4], [5, 5], [6, 6], [7, 7], [8, 8], [9, 10]]
[[0, 0], [1, 1], [2, 2], [3, 3], [4, 4], [5, 5], [6, 6], [7, 7], [8, 8], [9, 10]]
[[0, 0], [1, 1], [2, 2], [3, 3], [4, 4], [5, 5], [6, 6], [7, 7], [8, 8], [9, 10]]
[[0, 0], [1, 1], [2, 2], [3, 3], [4, 4], [5, 5], [6, 6], [7, 7], [8, 8], [9, 10]]
[[0, 0], [1, 1], [2, 2], [3, 3], [4, 4], [5, 5], [6, 6], [7, 7], [8, 8], [9, 10]]
[[0, 0], [1, 1], [2, 2], [3, 3], [4, 4], [5, 5], [6, 6], [7, 7], [8, 8], [9, 10]]
[[0, 0], [1, 1], [2, 2], [3, 3], [4, 4], [5, 5], [6, 6], [7, 7], [8, 8], [9, 10]]
[[0, 0], [1, 1], [2, 2], [3, 3], [4, 4], [5, 5], [6, 6], [7, 7], [8, 8], [9, 10]]
[[0, 0], [1, 1], [2, 2], [3, 3], [4, 4], [5, 5], [6, 6], [7, 7], [8, 8], [9, 10]]
[[0, 0], [1, 1], [2, 2], [3, 3], [4, 4], [5, 5], [6, 6], [7, 7], [8, 8], [9, 10]]
[[0, 0], [1, 1], [2, 2], [3, 3], [4, 4], [5, 5], [6, 6], [7, 7], [8, 8], [9, 10]]
[[0, 0], [1, 1], [2, 2], [3, 3], [4, 4], [5, 5], [6, 6], [7, 7], [8, 8], [9, 10]]
[[0, 0], [1, 1], [2, 2], [3, 3], [4, 4], [5, 5], [6, 6], [7, 7], [8, 8], [9, 10]]
[[0, 0], [1, 1], [2, 2], [3, 3], [4, 4], [5, 5], [6, 6], [7, 7], [8, 8], [9, 10]]
[[0, 0], [1, 1], [2, 2], [3, 3], [4, 4], [5, 5], [6, 6], [7, 7], [8, 8], [9, 10]]
[[0, 0], [1, 1], [2, 2], [3, 3], [4, 4], [5, 5], [6, 6], [7, 7], [8, 8], [9, 10]]
[[0, 0], [1, 1], [2, 2], [3, 3], [4, 4], [5, 5], [6, 6], [7, 7], [8, 8], [9, 10]]
[[0, 0], [1, 1], [2, 2], [3, 3], [4, 4], [5, 5], [6, 6], [7, 7], [8, 8], [9, 10]]
[[0, 0], [1, 1], [2, 2], [3, 3], [4, 4], [5, 5], [6, 6], [7, 7], [8, 8], [9, 10]]
[[0, 0], [1, 1], [2, 2], [3, 3], [4, 4], [5, 5], [6, 6], [7, 7], [8, 8], [9, 10]]
[[0, 0], [1, 1], [2, 2], [3, 3], [4, 4], [5, 5], [6, 6], [7, 7], [8, 8], [9, 10]]
]
Max value: 995
====================
入札者数: 50
財の個数: 10
傾き:
[
[17, 17, 83, 34, 65, 19, 70, 40, 60, 41]
[59, 40, 23, 47, 68, 100, 75, 37, 67, 29]
[15, 48, 14, 40, 63, 30, 38, 97, 24, 19]
[89, 52, 86, 20, 54, 21, 55, 74, 88, 92]
[37, 72, 71, 48, 73, 70, 36, 53, 27, 59]
[55, 75, 61, 64, 63, 90, 99, 42, 32, 59]
[43, 31, 96, 70, 60, 70, 33, 19, 84, 73]
[66, 66, 49, 43, 22, 43, 52, 83, 40, 29]
[95, 26, 85, 16, 54, 97, 26, 66, 73, 55]
[57, 20, 77, 65, 26, 23, 29, 90, 44, 69]
[27, 61, 22, 23, 33, 13, 75, 52, 81, 91]
[39, 62, 64, 12, 87, 29, 70, 91, 83, 66]
[68, 61, 98, 48, 67, 96, 30, 91, 57, 70]
[26, 27, 83, 39, 63, 42, 88, 77, 67, 28]
[58, 23, 79, 56, 43, 56, 11, 44, 19, 92]
[56, 27, 94, 25, 19, 96, 81, 56, 19, 77]
[60, 98, 33, 46, 17, 56, 88, 86, 79, 56]
[48, 96, 55, 32, 79, 16, 20, 100, 28, 39]
[60, 20, 91, 64, 20, 52, 89, 94, 82, 50]
[64, 53, 46, 58, 81, 10, 24, 55, 78, 72]
[60, 93, 88, 63, 49, 39, 60, 35, 58, 24]
[95, 25, 74, 88, 66, 94, 33, 96, 36, 50]
[23, 49, 34, 24, 36, 95, 37, 71, 27, 42]
[34, 72, 14, 28, 68, 66, 70, 24, 34, 29]
[22, 68, 56, 81, 89, 33, 74, 73, 34, 27]
[12, 64, 20, 26, 28, 17, 58, 79, 34, 43]
[29, 23, 100, 82, 99, 39, 67, 27, 62, 25]
[77, 46, 26, 47, 13, 33, 43, 69, 42, 79]
[45, 43, 32, 57, 93, 83, 16, 37, 32, 53]
[96, 20, 56, 91, 89, 45, 36, 98, 75, 57]
[81, 81, 97, 47, 93, 52, 31, 68, 49, 74]
[80, 10, 15, 80, 89, 37, 53, 61, 96, 56]
[72, 46, 82, 39, 81, 37, 49, 96, 39, 87]
[10, 36, 43, 72, 55, 31, 39, 15, 95, 83]
[51, 66, 58, 75, 37, 26, 81, 14, 99, 22]
[77, 35, 40, 96, 41, 61, 23, 39, 99, 26]
[32, 61, 61, 24, 14, 55, 61, 41, 98, 19]
[84, 88, 34, 79, 99, 33, 16, 75, 83, 83]
[31, 38, 62, 30, 36, 92, 96, 84, 44, 33]
[59, 31, 94, 15, 98, 92, 55, 48, 52, 37]
[45, 33, 93, 26, 56, 95, 57, 83, 15, 84]
[48, 69, 74, 38, 71, 48, 92, 50, 68, 95]
[95, 35, 50, 44, 10, 29, 87, 27, 35, 21]
[21, 54, 52, 57, 48, 93, 46, 76, 79, 98]
[40, 25, 81, 16, 80, 33, 47, 17, 50, 13]
[16, 99, 56, 20, 85, 28, 55, 78, 37, 17]
[45, 15, 59, 16, 63, 59, 22, 39, 93, 69]
[55, 15, 90, 11, 89, 14, 22, 87, 37, 95]
[48, 37, 12, 62, 60, 71, 50, 63, 62, 23]
[76, 88, 10, 23, 71, 99, 52, 64, 36, 37]
]
需要区間:
[
[[0, 0], [1, 1], [2, 2], [3, 3], [4, 4], [5, 5], [6, 6], [7, 7], [8, 8], [9, 10]]
[[0, 0], [1, 1], [2, 2], [3, 3], [4, 4], [5, 5], [6, 6], [7, 7], [8, 8], [9, 10]]
[[0, 0], [1, 1], [2, 2], [3, 3], [4, 4], [5, 5], [6, 6], [7, 7], [8, 8], [9, 10]]
[[0, 0], [1, 1], [2, 2], [3, 3], [4, 4], [5, 5], [6, 6], [7, 7], [8, 8], [9, 10]]
[[0, 0], [1, 1], [2, 2], [3, 3], [4, 4], [5, 5], [6, 6], [7, 7], [8, 8], [9, 10]]
[[0, 0], [1, 1], [2, 2], [3, 3], [4, 4], [5, 5], [6, 6], [7, 7], [8, 8], [9, 10]]
[[0, 0], [1, 1], [2, 2], [3, 3], [4, 4], [5, 5], [6, 6], [7, 7], [8, 8], [9, 10]]
[[0, 0], [1, 1], [2, 2], [3, 3], [4, 4], [5, 5], [6, 6], [7, 7], [8, 8], [9, 10]]
[[0, 0], [1, 1], [2, 2], [3, 3], [4, 4], [5, 5], [6, 6], [7, 7], [8, 8], [9, 10]]
[[0, 0], [1, 1], [2, 2], [3, 3], [4, 4], [5, 5], [6, 6], [7, 7], [8, 8], [9, 10]]
[[0, 0], [1, 1], [2, 2], [3, 3], [4, 4], [5, 5], [6, 6], [7, 7], [8, 8], [9, 10]]
[[0, 0], [1, 1], [2, 2], [3, 3], [4, 4], [5, 5], [6, 6], [7, 7], [8, 8], [9, 10]]
[[0, 0], [1, 1], [2, 2], [3, 3], [4, 4], [5, 5], [6, 6], [7, 7], [8, 8], [9, 10]]
[[0, 0], [1, 1], [2, 2], [3, 3], [4, 4], [5, 5], [6, 6], [7, 7], [8, 8], [9, 10]]
[[0, 0], [1, 1], [2, 2], [3, 3], [4, 4], [5, 5], [6, 6], [7, 7], [8, 8], [9, 10]]
[[0, 0], [1, 1], [2, 2], [3, 3], [4, 4], [5, 5], [6, 6], [7, 7], [8, 8], [9, 10]]
[[0, 0], [1, 1], [2, 2], [3, 3], [4, 4], [5, 5], [6, 6], [7, 7], [8, 8], [9, 10]]
[[0, 0], [1, 1], [2, 2], [3, 3], [4, 4], [5, 5], [6, 6], [7, 7], [8, 8], [9, 10]]
[[0, 0], [1, 1], [2, 2], [3, 3], [4, 4], [5, 5], [6, 6], [7, 7], [8, 8], [9, 10]]
[[0, 0], [1, 1], [2, 2], [3, 3], [4, 4], [5, 5], [6, 6], [7, 7], [8, 8], [9, 10]]
[[0, 0], [1, 1], [2, 2], [3, 3], [4, 4], [5, 5], [6, 6], [7, 7], [8, 8], [9, 10]]
[[0, 0], [1, 1], [2, 2], [3, 3], [4, 4], [5, 5], [6, 6], [7, 7], [8, 8], [9, 10]]
[[0, 0], [1, 1], [2, 2], [3, 3], [4, 4], [5, 5], [6, 6], [7, 7], [8, 8], [9, 10]]
[[0, 0], [1, 1], [2, 2], [3, 3], [4, 4], [5, 5], [6, 6], [7, 7], [8, 8], [9, 10]]
[[0, 0], [1, 1], [2, 2], [3, 3], [4, 4], [5, 5], [6, 6], [7, 7], [8, 8], [9, 10]]
[[0, 0], [1, 1], [2, 2], [3, 3], [4, 4], [5, 5], [6, 6], [7, 7], [8, 8], [9, 10]]
[[0, 0], [1, 1], [2, 2], [3, 3], [4, 4], [5, 5], [6, 6], [7, 7], [8, 8], [9, 10]]
[[0, 0], [1, 1], [2, 2], [3, 3], [4, 4], [5, 5], [6, 6], [7, 7], [8, 8], [9, 10]]
[[0, 0], [1, 1], [2, 2], [3, 3], [4, 4], [5, 5], [6, 6], [7, 7], [8, 8], [9, 10]]
[[0, 0], [1, 1], [2, 2], [3, 3], [4, 4], [5, 5], [6, 6], [7, 7], [8, 8], [9, 10]]
[[0, 0], [1, 1], [2, 2], [3, 3], [4, 4], [5, 5], [6, 6], [7, 7], [8, 8], [9, 10]]
[[0, 0], [1, 1], [2, 2], [3, 3], [4, 4], [5, 5], [6, 6], [7, 7], [8, 8], [9, 10]]
[[0, 0], [1, 1], [2, 2], [3, 3], [4, 4], [5, 5], [6, 6], [7, 7], [8, 8], [9, 10]]
[[0, 0], [1, 1], [2, 2], [3, 3], [4, 4], [5, 5], [6, 6], [7, 7], [8, 8], [9, 10]]
[[0, 0], [1, 1], [2, 2], [3, 3], [4, 4], [5, 5], [6, 6], [7, 7], [8, 8], [9, 10]]
[[0, 0], [1, 1], [2, 2], [3, 3], [4, 4], [5, 5], [6, 6], [7, 7], [8, 8], [9, 10]]
[[0, 0], [1, 1], [2, 2], [3, 3], [4, 4], [5, 5], [6, 6], [7, 7], [8, 8], [9, 10]]
[[0, 0], [1, 1], [2, 2], [3, 3], [4, 4], [5, 5], [6, 6], [7, 7], [8, 8], [9, 10]]
[[0, 0], [1, 1], [2, 2], [3, 3], [4, 4], [5, 5], [6, 6], [7, 7], [8, 8], [9, 10]]
[[0, 0], [1, 1], [2, 2], [3, 3], [4, 4], [5, 5], [6, 6], [7, 7], [8, 8], [9, 10]]
[[0, 0], [1, 1], [2, 2], [3, 3], [4, 4], [5, 5], [6, 6], [7, 7], [8, 8], [9, 10]]
[[0, 0], [1, 1], [2, 2], [3, 3], [4, 4], [5, 5], [6, 6], [7, 7], [8, 8], [9, 10]]
[[0, 0], [1, 1], [2, 2], [3, 3], [4, 4], [5, 5], [6, 6], [7, 7], [8, 8], [9, 10]]
[[0, 0], [1, 1], [2, 2], [3, 3], [4, 4], [5, 5], [6, 6], [7, 7], [8, 8], [9, 10]]
[[0, 0], [1, 1], [2, 2], [3, 3], [4, 4], [5, 5], [6, 6], [7, 7], [8, 8], [9, 10]]
[[0, 0], [1, 1], [2, 2], [3, 3], [4, 4], [5, 5], [6, 6], [7, 7], [8, 8], [9, 10]]
[[0, 0], [1, 1], [2, 2], [3, 3], [4, 4], [5, 5], [6, 6], [7, 7], [8, 8], [9, 10]]
[[0, 0], [1, 1], [2, 2], [3, 3], [4, 4], [5, 5], [6, 6], [7, 7], [8, 8], [9, 10]]
[[0, 0], [1, 1], [2, 2], [3, 3], [4, 4], [5, 5], [6, 6], [7, 7], [8, 8], [9, 10]]
[[0, 0], [1, 1], [2, 2], [3, 3], [4, 4], [5, 5], [6, 6], [7, 7], [8, 8], [9, 10]]
]
Max value: 999
====================
入札者数: 50
財の個数: 10
傾き:
[
[32, 42, 36, 10, 15, 25, 26, 52, 28]
[64, 77, 42, 67, 37, 77, 10, 100, 96]
[26, 68, 57, 29, 54, 88, 81, 10, 91]
[100, 28, 58, 37, 26, 44, 72, 54, 48]
[76, 99, 71, 28, 20, 10, 86, 77, 25]
[63, 10, 78, 36, 72, 11, 31, 17, 96]
[82, 92, 66, 68, 44, 72, 66, 93, 84]
[73, 33, 46, 95, 35, 15, 59, 42, 97]
[86, 36, 73, 52, 10, 53, 26, 77, 87]
[96, 53, 18, 83, 96, 77, 40, 68, 82]
[100, 80, 84, 67, 73, 94, 100, 19, 37]
[69, 41, 93, 16, 12, 39, 32, 67, 51]
[43, 30, 11, 38, 40, 20, 14, 49, 23]
[71, 46, 32, 57, 65, 40, 85, 96, 39]
[99, 49, 17, 47, 67, 50, 15, 41, 90]
[71, 27, 82, 96, 84, 72, 48, 14, 72]
[37, 86, 60, 40, 43, 96, 24, 68, 15]
[46, 80, 32, 50, 27, 80, 66, 67, 26]
[10, 62, 83, 34, 91, 50, 20, 19, 33]
[63, 99, 71, 91, 59, 60, 29, 28, 45]
[55, 92, 81, 53, 13, 58, 95, 92, 17]
[99, 59, 57, 52, 24, 75, 58, 53, 79]
[11, 52, 46, 97, 70, 43, 70, 23, 43]
[76, 99, 52, 23, 73, 87, 82, 45, 45]
[83, 40, 79, 57, 24, 57, 87, 90, 100]
[79, 69, 19, 96, 27, 53, 50, 48, 68]
[26, 85, 53, 48, 100, 87, 76, 100, 31]
[51, 35, 58, 52, 58, 74, 92, 40, 19]
[41, 85, 38, 30, 70, 26, 49, 63, 71]
[10, 11, 84, 46, 56, 27, 91, 40, 55]
[25, 61, 17, 58, 61, 26, 16, 46, 23]
[24, 89, 40, 86, 11, 21, 82, 73, 86]
[37, 49, 40, 13, 53, 77, 78, 62, 82]
[36, 37, 77, 36, 44, 34, 98, 81, 83]
[44, 73, 94, 75, 38, 83, 19, 74, 45]
[30, 45, 26, 19, 26, 21, 39, 89, 90]
[40, 39, 62, 31, 29, 57, 62, 16, 24]
[60, 85, 48, 31, 24, 65, 91, 19, 98]
[63, 28, 74, 59, 13, 90, 52, 93, 38]
[50, 82, 21, 87, 32, 23, 51, 73, 33]
[66, 12, 87, 38, 17, 49, 40, 35, 61]
[92, 44, 59, 55, 67, 46, 12, 15, 92]
[14, 56, 79, 35, 18, 81, 46, 63, 54]
[53, 39, 73, 70, 69, 16, 56, 52, 66]
[55, 67, 93, 63, 87, 42, 40, 78, 38]
[89, 13, 80, 87, 51, 100, 88, 70, 86]
[78, 98, 17, 93, 86, 11, 35, 28, 21]
[69, 35, 94, 69, 85, 74, 36, 46, 77]
[10, 41, 96, 88, 60, 54, 50, 11, 23]
[56, 40, 99, 61, 30, 61, 45, 52, 72]
]
需要区間:
[
[[0, 1], [2, 2], [3, 3], [4, 4], [5, 5], [6, 6], [7, 7], [8, 8], [9, 10]]
[[0, 1], [2, 2], [3, 3], [4, 4], [5, 5], [6, 6], [7, 7], [8, 8], [9, 10]]
[[0, 1], [2, 2], [3, 3], [4, 4], [5, 5], [6, 6], [7, 7], [8, 8], [9, 10]]
[[0, 0], [1, 2], [3, 3], [4, 4], [5, 5], [6, 6], [7, 7], [8, 8], [9, 10]]
[[0, 0], [1, 1], [2, 2], [3, 4], [5, 5], [6, 6], [7, 7], [8, 8], [9, 10]]
[[0, 1], [2, 2], [3, 3], [4, 4], [5, 5], [6, 6], [7, 7], [8, 8], [9, 10]]
[[0, 1], [2, 2], [3, 3], [4, 4], [5, 5], [6, 6], [7, 7], [8, 8], [9, 10]]
[[0, 1], [2, 2], [3, 3], [4, 4], [5, 5], [6, 6], [7, 7], [8, 8], [9, 10]]
[[0, 1], [2, 2], [3, 3], [4, 4], [5, 5], [6, 6], [7, 7], [8, 8], [9, 10]]
[[0, 0], [1, 1], [2, 2], [3, 3], [4, 5], [6, 6], [7, 7], [8, 8], [9, 10]]
[[0, 0], [1, 2], [3, 3], [4, 4], [5, 5], [6, 6], [7, 7], [8, 8], [9, 10]]
[[0, 0], [1, 2], [3, 3], [4, 4], [5, 5], [6, 6], [7, 7], [8, 8], [9, 10]]
[[0, 1], [2, 2], [3, 3], [4, 4], [5, 5], [6, 6], [7, 7], [8, 8], [9, 10]]
[[0, 0], [1, 1], [2, 2], [3, 4], [5, 5], [6, 6], [7, 7], [8, 8], [9, 10]]
[[0, 1], [2, 2], [3, 3], [4, 4], [5, 5], [6, 6], [7, 7], [8, 8], [9, 10]]
[[0, 0], [1, 1], [2, 3], [4, 4], [5, 5], [6, 6], [7, 7], [8, 8], [9, 10]]
[[0, 0], [1, 2], [3, 3], [4, 4], [5, 5], [6, 6], [7, 7], [8, 8], [9, 10]]
[[0, 1], [2, 2], [3, 3], [4, 4], [5, 5], [6, 6], [7, 7], [8, 8], [9, 10]]
[[0, 0], [1, 1], [2, 3], [4, 4], [5, 5], [6, 6], [7, 7], [8, 8], [9, 10]]
[[0, 1], [2, 2], [3, 3], [4, 4], [5, 5], [6, 6], [7, 7], [8, 8], [9, 10]]
[[0, 0], [1, 1], [2, 3], [4, 4], [5, 5], [6, 6], [7, 7], [8, 8], [9, 10]]
[[0, 0], [1, 2], [3, 3], [4, 4], [5, 5], [6, 6], [7, 7], [8, 8], [9, 10]]
[[0, 0], [1, 1], [2, 2], [3, 4], [5, 5], [6, 6], [7, 7], [8, 8], [9, 10]]
[[0, 0], [1, 1], [2, 2], [3, 3], [4, 5], [6, 6], [7, 7], [8, 8], [9, 10]]
[[0, 0], [1, 2], [3, 3], [4, 4], [5, 5], [6, 6], [7, 7], [8, 8], [9, 10]]
[[0, 0], [1, 1], [2, 2], [3, 4], [5, 5], [6, 6], [7, 7], [8, 8], [9, 10]]
[[0, 1], [2, 2], [3, 3], [4, 4], [5, 5], [6, 6], [7, 7], [8, 8], [9, 10]]
[[0, 1], [2, 2], [3, 3], [4, 4], [5, 5], [6, 6], [7, 7], [8, 8], [9, 10]]
[[0, 1], [2, 2], [3, 3], [4, 4], [5, 5], [6, 6], [7, 7], [8, 8], [9, 10]]
[[0, 1], [2, 2], [3, 3], [4, 4], [5, 5], [6, 6], [7, 7], [8, 8], [9, 10]]
[[0, 0], [1, 2], [3, 3], [4, 4], [5, 5], [6, 6], [7, 7], [8, 8], [9, 10]]
[[0, 1], [2, 2], [3, 3], [4, 4], [5, 5], [6, 6], [7, 7], [8, 8], [9, 10]]
[[0, 0], [1, 1], [2, 3], [4, 4], [5, 5], [6, 6], [7, 7], [8, 8], [9, 10]]
[[0, 1], [2, 2], [3, 3], [4, 4], [5, 5], [6, 6], [7, 7], [8, 8], [9, 10]]
[[0, 1], [2, 2], [3, 3], [4, 4], [5, 5], [6, 6], [7, 7], [8, 8], [9, 10]]
[[0, 0], [1, 2], [3, 3], [4, 4], [5, 5], [6, 6], [7, 7], [8, 8], [9, 10]]
[[0, 1], [2, 2], [3, 3], [4, 4], [5, 5], [6, 6], [7, 7], [8, 8], [9, 10]]
[[0, 1], [2, 2], [3, 3], [4, 4], [5, 5], [6, 6], [7, 7], [8, 8], [9, 10]]
[[0, 0], [1, 1], [2, 2], [3, 4], [5, 5], [6, 6], [7, 7], [8, 8], [9, 10]]
[[0, 1], [2, 2], [3, 3], [4, 4], [5, 5], [6, 6], [7, 7], [8, 8], [9, 10]]
[[0, 1], [2, 2], [3, 3], [4, 4], [5, 5], [6, 6], [7, 7], [8, 8], [9, 10]]
[[0, 0], [1, 2], [3, 3], [4, 4], [5, 5], [6, 6], [7, 7], [8, 8], [9, 10]]
[[0, 1], [2, 2], [3, 3], [4, 4], [5, 5], [6, 6], [7, 7], [8, 8], [9, 10]]
[[0, 1], [2, 2], [3, 3], [4, 4], [5, 5], [6, 6], [7, 7], [8, 8], [9, 10]]
[[0, 1], [2, 2], [3, 3], [4, 4], [5, 5], [6, 6], [7, 7], [8, 8], [9, 10]]
[[0, 0], [1, 2], [3, 3], [4, 4], [5, 5], [6, 6], [7, 7], [8, 8], [9, 10]]
[[0, 1], [2, 2], [3, 3], [4, 4], [5, 5], [6, 6], [7, 7], [8, 8], [9, 10]]
[[0, 1], [2, 2], [3, 3], [4, 4], [5, 5], [6, 6], [7, 7], [8, 8], [9, 10]]
[[0, 1], [2, 2], [3, 3], [4, 4], [5, 5], [6, 6], [7, 7], [8, 8], [9, 10]]
[[0, 0], [1, 2], [3, 3], [4, 4], [5, 5], [6, 6], [7, 7], [8, 8], [9, 10]]
]
Max value: 1000
====================
入札者数: 50
財の個数: 10
傾き:
[
[21, 26, 33, 85, 73, 76, 94]
[48, 68, 52, 64, 96, 18, 83]
[97, 94, 83, 55, 81, 46, 93]
[61, 25, 83, 36, 32, 46, 53]
[19, 15, 30, 45, 99, 31, 93]
[34, 32, 51, 27, 21, 99, 94]
[40, 75, 64, 94, 22, 58, 96]
[31, 53, 88, 81, 72, 39, 49]
[23, 17, 23, 86, 14, 24, 21]
[52, 38, 88, 18, 66, 99, 12]
[92, 34, 25, 50, 44, 98, 79]
[41, 88, 15, 63, 84, 96, 22]
[27, 71, 36, 28, 100, 55, 43]
[31, 66, 47, 83, 74, 94, 63]
[58, 98, 51, 93, 69, 23, 45]
[45, 19, 88, 12, 58, 12, 90]
[36, 55, 33, 89, 91, 68, 100]
[69, 55, 75, 20, 36, 77, 38]
[46, 11, 16, 10, 66, 54, 43]
[99, 29, 95, 13, 19, 79, 81]
[63, 68, 45, 73, 24, 27, 39]
[81, 38, 46, 72, 49, 83, 17]
[98, 96, 51, 95, 11, 44, 29]
[77, 36, 92, 24, 75, 73, 42]
[48, 38, 43, 11, 51, 57, 17]
[96, 50, 93, 60, 80, 72, 60]
[23, 16, 13, 56, 47, 93, 39]
[56, 19, 42, 41, 60, 74, 19]
[45, 51, 15, 71, 65, 18, 27]
[13, 42, 61, 45, 71, 76, 76]
[64, 46, 25, 99, 20, 77, 39]
[67, 78, 92, 77, 79, 34, 88]
[11, 54, 85, 54, 22, 77, 89]
[57, 23, 20, 68, 38, 88, 42]
[98, 90, 69, 18, 54, 89, 92]
[65, 67, 26, 93, 20, 25, 18]
[95, 69, 59, 60, 69, 55, 59]
[26, 59, 69, 27, 73, 28, 15]
[88, 89, 67, 70, 30, 46, 78]
[50, 11, 88, 31, 34, 67, 72]
[32, 12, 45, 99, 96, 76, 13]
[55, 55, 91, 39, 29, 26, 31]
[20, 91, 14, 58, 11, 79, 39]
[70, 37, 40, 45, 14, 37, 36]
[65, 34, 46, 25, 56, 27, 100]
[60, 11, 23, 65, 24, 70, 31]
[67, 65, 44, 27, 93, 41, 73]
[84, 98, 40, 29, 14, 72, 33]
[17, 91, 89, 12, 88, 50, 57]
[69, 43, 84, 27, 46, 25, 48]
]
需要区間:
[
[[0, 3], [4, 4], [5, 5], [6, 6], [7, 7], [8, 8], [9, 10]]
[[0, 1], [2, 2], [3, 5], [6, 6], [7, 7], [8, 8], [9, 10]]
[[0, 3], [4, 4], [5, 5], [6, 6], [7, 7], [8, 8], [9, 10]]
[[0, 0], [1, 2], [3, 3], [4, 4], [5, 6], [7, 8], [9, 10]]
[[0, 1], [2, 2], [3, 3], [4, 4], [5, 6], [7, 7], [8, 10]]
[[0, 3], [4, 4], [5, 5], [6, 6], [7, 7], [8, 8], [9, 10]]
[[0, 1], [2, 2], [3, 3], [4, 4], [5, 7], [8, 8], [9, 10]]
[[0, 3], [4, 4], [5, 5], [6, 6], [7, 7], [8, 8], [9, 10]]
[[0, 0], [1, 2], [3, 4], [5, 6], [7, 7], [8, 8], [9, 10]]
[[0, 2], [3, 3], [4, 4], [5, 6], [7, 7], [8, 8], [9, 10]]
[[0, 1], [2, 3], [4, 4], [5, 5], [6, 6], [7, 8], [9, 10]]
[[0, 3], [4, 4], [5, 5], [6, 6], [7, 7], [8, 8], [9, 10]]
[[0, 3], [4, 4], [5, 5], [6, 6], [7, 7], [8, 8], [9, 10]]
[[0, 0], [1, 3], [4, 5], [6, 6], [7, 7], [8, 8], [9, 10]]
[[0, 2], [3, 4], [5, 5], [6, 6], [7, 7], [8, 8], [9, 10]]
[[0, 2], [3, 4], [5, 5], [6, 6], [7, 7], [8, 8], [9, 10]]
[[0, 2], [3, 3], [4, 5], [6, 6], [7, 7], [8, 8], [9, 10]]
[[0, 1], [2, 2], [3, 3], [4, 4], [5, 7], [8, 8], [9, 10]]
[[0, 3], [4, 4], [5, 5], [6, 6], [7, 7], [8, 8], [9, 10]]
[[0, 0], [1, 2], [3, 3], [4, 4], [5, 6], [7, 8], [9, 10]]
[[0, 3], [4, 4], [5, 5], [6, 6], [7, 7], [8, 8], [9, 10]]
[[0, 1], [2, 4], [5, 5], [6, 6], [7, 7], [8, 8], [9, 10]]
[[0, 1], [2, 4], [5, 5], [6, 6], [7, 7], [8, 8], [9, 10]]
[[0, 0], [1, 4], [5, 5], [6, 6], [7, 7], [8, 8], [9, 10]]
[[0, 2], [3, 3], [4, 4], [5, 5], [6, 7], [8, 8], [9, 10]]
[[0, 2], [3, 4], [5, 5], [6, 6], [7, 7], [8, 8], [9, 10]]
[[0, 0], [1, 2], [3, 5], [6, 6], [7, 7], [8, 8], [9, 10]]
[[0, 2], [3, 3], [4, 4], [5, 5], [6, 7], [8, 8], [9, 10]]
[[0, 3], [4, 4], [5, 5], [6, 6], [7, 7], [8, 8], [9, 10]]
[[0, 1], [2, 4], [5, 5], [6, 6], [7, 7], [8, 8], [9, 10]]
[[0, 2], [3, 4], [5, 5], [6, 6], [7, 7], [8, 8], [9, 10]]
[[0, 3], [4, 4], [5, 5], [6, 6], [7, 7], [8, 8], [9, 10]]
[[0, 0], [1, 2], [3, 5], [6, 6], [7, 7], [8, 8], [9, 10]]
[[0, 0], [1, 4], [5, 5], [6, 6], [7, 7], [8, 8], [9, 10]]
[[0, 0], [1, 2], [3, 3], [4, 5], [6, 7], [8, 8], [9, 10]]
[[0, 0], [1, 3], [4, 5], [6, 6], [7, 7], [8, 8], [9, 10]]
[[0, 1], [2, 2], [3, 3], [4, 4], [5, 6], [7, 8], [9, 10]]
[[0, 2], [3, 3], [4, 5], [6, 6], [7, 7], [8, 8], [9, 10]]
[[0, 1], [2, 3], [4, 5], [6, 6], [7, 7], [8, 8], [9, 10]]
[[0, 1], [2, 3], [4, 5], [6, 6], [7, 7], [8, 8], [9, 10]]
[[0, 2], [3, 4], [5, 5], [6, 6], [7, 7], [8, 8], [9, 10]]
[[0, 1], [2, 3], [4, 5], [6, 6], [7, 7], [8, 8], [9, 10]]
[[0, 2], [3, 3], [4, 5], [6, 6], [7, 7], [8, 8], [9, 10]]
[[0, 0], [1, 1], [2, 3], [4, 6], [7, 7], [8, 8], [9, 10]]
[[0, 2], [3, 3], [4, 5], [6, 6], [7, 7], [8, 8], [9, 10]]
[[0, 3], [4, 4], [5, 5], [6, 6], [7, 7], [8, 8], [9, 10]]
[[0, 1], [2, 3], [4, 4], [5, 6], [7, 7], [8, 8], [9, 10]]
[[0, 0], [1, 4], [5, 5], [6, 6], [7, 7], [8, 8], [9, 10]]
[[0, 1], [2, 2], [3, 4], [5, 6], [7, 7], [8, 8], [9, 10]]
[[0, 1], [2, 4], [5, 5], [6, 6], [7, 7], [8, 8], [9, 10]]
]
Max value: 1000
====================
入札者数: 50
財の個数: 10
傾き:
[
[100, 20, 40, 44, 27, 30, 60, 19, 79]
[30, 30, 49, 23, 41, 72, 61, 56, 97]
[89, 35, 46, 67, 50, 66, 50, 13, 82]
[83, 13, 41, 65, 68, 15, 35, 32, 77]
[34, 69, 56, 73, 100, 54, 36, 60, 37]
[45, 27, 33, 59, 21, 68, 68, 17, 34]
[12, 80, 75, 17, 71, 60, 100, 52, 69]
[51, 15, 51, 73, 96, 58, 66, 24, 60]
[71, 27, 70, 91, 80, 28, 14, 62, 78]
[97, 44, 70, 28, 23, 10, 72, 71, 36]
[87, 100, 33, 61, 35, 49, 66, 59, 10]
[16, 88, 88, 39, 45, 88, 14, 15, 63]
[100, 95, 91, 42, 47, 10, 55, 31, 45]
[46, 56, 95, 82, 16, 91, 56, 21, 98]
[28, 42, 12, 24, 15, 95, 24, 30, 17]
[45, 40, 63, 19, 32, 99, 57, 28, 10]
[76, 82, 49, 89, 61, 26, 72, 56, 72]
[20, 56, 74, 75, 30, 34, 77, 94, 31]
[20, 97, 33, 55, 29, 50, 53, 82, 38]
[11, 54, 55, 88, 94, 82, 48, 27, 79]
[72, 96, 77, 64, 64, 80, 92, 60, 20]
[64, 45, 24, 44, 35, 47, 96, 56, 39]
[93, 19, 43, 40, 56, 95, 25, 79, 15]
[91, 85, 61, 99, 99, 62, 48, 67, 12]
[64, 74, 59, 47, 83, 90, 58, 68, 59]
[16, 29, 95, 42, 89, 32, 20, 23, 65]
[10, 75, 78, 34, 27, 14, 54, 47, 37]
[32, 87, 73, 83, 77, 60, 73, 57, 33]
[24, 99, 23, 65, 26, 87, 44, 100, 87]
[78, 45, 41, 73, 24, 13, 12, 50, 39]
[90, 56, 21, 75, 60, 95, 96, 94, 47]
[48, 100, 15, 96, 68, 45, 22, 94, 62]
[38, 17, 92, 22, 65, 92, 69, 21, 81]
[85, 36, 34, 97, 77, 74, 47, 64, 67]
[100, 35, 91, 45, 41, 93, 20, 31, 58]
[65, 26, 71, 30, 29, 31, 95, 55, 19]
[26, 90, 83, 90, 93, 75, 89, 64, 22]
[73, 94, 79, 94, 42, 35, 88, 45, 37]
[22, 12, 49, 72, 88, 96, 19, 29, 60]
[10, 43, 30, 23, 18, 60, 85, 42, 15]
[49, 43, 15, 46, 12, 76, 18, 38, 20]
[32, 47, 22, 77, 57, 81, 52, 23, 80]
[62, 78, 55, 26, 46, 78, 88, 82, 36]
[12, 31, 83, 36, 16, 49, 43, 90, 96]
[49, 61, 37, 49, 24, 45, 62, 19, 73]
[73, 57, 28, 35, 15, 35, 17, 70, 100]
[66, 40, 79, 22, 32, 100, 58, 46, 94]
[67, 31, 20, 47, 14, 61, 69, 65, 98]
[30, 57, 58, 24, 39, 62, 33, 23, 47]
[64, 71, 21, 19, 34, 83, 45, 42, 60]
]
需要区間:
[
[[0, 1], [2, 2], [3, 3], [4, 4], [5, 5], [6, 6], [7, 7], [8, 8], [9, 10]]
[[0, 1], [2, 2], [3, 3], [4, 4], [5, 5], [6, 6], [7, 7], [8, 8], [9, 10]]
[[0, 0], [1, 2], [3, 3], [4, 4], [5, 5], [6, 6], [7, 7], [8, 8], [9, 10]]
[[0, 0], [1, 2], [3, 3], [4, 4], [5, 5], [6, 6], [7, 7], [8, 8], [9, 10]]
[[0, 1], [2, 2], [3, 3], [4, 4], [5, 5], [6, 6], [7, 7], [8, 8], [9, 10]]
[[0, 1], [2, 2], [3, 3], [4, 4], [5, 5], [6, 6], [7, 7], [8, 8], [9, 10]]
[[0, 1], [2, 2], [3, 3], [4, 4], [5, 5], [6, 6], [7, 7], [8, 8], [9, 10]]
[[0, 0], [1, 2], [3, 3], [4, 4], [5, 5], [6, 6], [7, 7], [8, 8], [9, 10]]
[[0, 0], [1, 1], [2, 3], [4, 4], [5, 5], [6, 6], [7, 7], [8, 8], [9, 10]]
[[0, 0], [1, 1], [2, 2], [3, 4], [5, 5], [6, 6], [7, 7], [8, 8], [9, 10]]
[[0, 0], [1, 1], [2, 3], [4, 4], [5, 5], [6, 6], [7, 7], [8, 8], [9, 10]]
[[0, 0], [1, 2], [3, 3], [4, 4], [5, 5], [6, 6], [7, 7], [8, 8], [9, 10]]
[[0, 1], [2, 2], [3, 3], [4, 4], [5, 5], [6, 6], [7, 7], [8, 8], [9, 10]]
[[0, 1], [2, 2], [3, 3], [4, 4], [5, 5], [6, 6], [7, 7], [8, 8], [9, 10]]
[[0, 0], [1, 1], [2, 3], [4, 4], [5, 5], [6, 6], [7, 7], [8, 8], [9, 10]]
[[0, 0], [1, 2], [3, 3], [4, 4], [5, 5], [6, 6], [7, 7], [8, 8], [9, 10]]
[[0, 1], [2, 2], [3, 3], [4, 4], [5, 5], [6, 6], [7, 7], [8, 8], [9, 10]]
[[0, 1], [2, 2], [3, 3], [4, 4], [5, 5], [6, 6], [7, 7], [8, 8], [9, 10]]
[[0, 1], [2, 2], [3, 3], [4, 4], [5, 5], [6, 6], [7, 7], [8, 8], [9, 10]]
[[0, 1], [2, 2], [3, 3], [4, 4], [5, 5], [6, 6], [7, 7], [8, 8], [9, 10]]
[[0, 1], [2, 2], [3, 3], [4, 4], [5, 5], [6, 6], [7, 7], [8, 8], [9, 10]]
[[0, 0], [1, 1], [2, 2], [3, 3], [4, 4], [5, 6], [7, 7], [8, 8], [9, 10]]
[[0, 0], [1, 2], [3, 3], [4, 4], [5, 5], [6, 6], [7, 7], [8, 8], [9, 10]]
[[0, 0], [1, 1], [2, 2], [3, 4], [5, 5], [6, 6], [7, 7], [8, 8], [9, 10]]
[[0, 0], [1, 1], [2, 3], [4, 4], [5, 5], [6, 6], [7, 7], [8, 8], [9, 10]]
[[0, 0], [1, 2], [3, 3], [4, 4], [5, 5], [6, 6], [7, 7], [8, 8], [9, 10]]
[[0, 1], [2, 2], [3, 3], [4, 4], [5, 5], [6, 6], [7, 7], [8, 8], [9, 10]]
[[0, 1], [2, 2], [3, 3], [4, 4], [5, 5], [6, 6], [7, 7], [8, 8], [9, 10]]
[[0, 1], [2, 2], [3, 3], [4, 4], [5, 5], [6, 6], [7, 7], [8, 8], [9, 10]]
[[0, 1], [2, 2], [3, 3], [4, 4], [5, 5], [6, 6], [7, 7], [8, 8], [9, 10]]
[[0, 0], [1, 2], [3, 3], [4, 4], [5, 5], [6, 6], [7, 7], [8, 8], [9, 10]]
[[0, 1], [2, 2], [3, 3], [4, 4], [5, 5], [6, 6], [7, 7], [8, 8], [9, 10]]
[[0, 1], [2, 2], [3, 3], [4, 4], [5, 5], [6, 6], [7, 7], [8, 8], [9, 10]]
[[0, 0], [1, 1], [2, 2], [3, 4], [5, 5], [6, 6], [7, 7], [8, 8], [9, 10]]
[[0, 1], [2, 2], [3, 3], [4, 4], [5, 5], [6, 6], [7, 7], [8, 8], [9, 10]]
[[0, 1], [2, 2], [3, 3], [4, 4], [5, 5], [6, 6], [7, 7], [8, 8], [9, 10]]
[[0, 1], [2, 2], [3, 3], [4, 4], [5, 5], [6, 6], [7, 7], [8, 8], [9, 10]]
[[0, 0], [1, 1], [2, 2], [3, 4], [5, 5], [6, 6], [7, 7], [8, 8], [9, 10]]
[[0, 0], [1, 1], [2, 3], [4, 4], [5, 5], [6, 6], [7, 7], [8, 8], [9, 10]]
[[0, 1], [2, 2], [3, 3], [4, 4], [5, 5], [6, 6], [7, 7], [8, 8], [9, 10]]
[[0, 0], [1, 1], [2, 3], [4, 4], [5, 5], [6, 6], [7, 7], [8, 8], [9, 10]]
[[0, 1], [2, 2], [3, 3], [4, 4], [5, 5], [6, 6], [7, 7], [8, 8], [9, 10]]
[[0, 0], [1, 1], [2, 2], [3, 4], [5, 5], [6, 6], [7, 7], [8, 8], [9, 10]]
[[0, 1], [2, 2], [3, 3], [4, 4], [5, 5], [6, 6], [7, 7], [8, 8], [9, 10]]
[[0, 0], [1, 1], [2, 3], [4, 4], [5, 5], [6, 6], [7, 7], [8, 8], [9, 10]]
[[0, 0], [1, 1], [2, 2], [3, 3], [4, 4], [5, 5], [6, 6], [7, 8], [9, 10]]
[[0, 1], [2, 2], [3, 3], [4, 4], [5, 5], [6, 6], [7, 7], [8, 8], [9, 10]]
[[0, 1], [2, 2], [3, 3], [4, 4], [5, 5], [6, 6], [7, 7], [8, 8], [9, 10]]
[[0, 1], [2, 2], [3, 3], [4, 4], [5, 5], [6, 6], [7, 7], [8, 8], [9, 10]]
[[0, 1], [2, 2], [3, 3], [4, 4], [5, 5], [6, 6], [7, 7], [8, 8], [9, 10]]
]
Max value: 1000
====================
入札者数: 50
財の個数: 10
傾き:
[
[90, 92, 31, 53, 78, 47]
[47, 16, 49, 13, 36, 81]
[72, 50, 41, 33, 17, 60]
[27, 59, 87, 71, 83, 98]
[24, 24, 25, 73, 45, 92]
[66, 31, 58, 92, 90, 89]
[29, 35, 30, 21, 90, 89]
[51, 55, 40, 14, 19, 60]
[67, 54, 25, 59, 33, 80]
[58, 45, 96, 85, 58, 79]
[69, 91, 99, 22, 93, 76]
[73, 25, 10, 47, 53, 14]
[33, 58, 71, 83, 29, 68]
[14, 68, 90, 58, 68, 35]
[84, 28, 65, 23, 97, 48]
[97, 54, 60, 81, 62, 57]
[77, 40, 88, 85, 36, 39]
[38, 72, 14, 96, 64, 38]
[97, 92, 49, 86, 14, 32]
[66, 92, 82, 87, 89, 83]
[63, 66, 51, 59, 58, 20]
[58, 89, 88, 62, 28, 32]
[83, 84, 11, 35, 20, 100]
[13, 79, 87, 61, 76, 80]
[52, 20, 51, 39, 60, 17]
[15, 99, 61, 10, 81, 28]
[80, 88, 87, 50, 80, 45]
[50, 13, 77, 58, 86, 79]
[97, 28, 36, 27, 60, 77]
[15, 43, 52, 22, 63, 75]
[45, 58, 21, 73, 55, 14]
[54, 68, 53, 93, 91, 22]
[20, 98, 67, 90, 66, 45]
[100, 12, 58, 73, 44, 28]
[73, 23, 17, 70, 83, 31]
[19, 35, 57, 20, 95, 82]
[57, 32, 53, 98, 37, 20]
[71, 59, 28, 55, 81, 41]
[83, 73, 27, 52, 17, 36]
[68, 13, 32, 38, 38, 13]
[80, 80, 48, 58, 67, 55]
[62, 25, 43, 40, 15, 87]
[92, 47, 53, 82, 12, 32]
[30, 98, 26, 35, 52, 19]
[41, 35, 11, 22, 66, 82]
[93, 27, 64, 68, 39, 78]
[90, 81, 19, 82, 97, 74]
[99, 41, 92, 17, 23, 10]
[35, 38, 77, 36, 61, 70]
[82, 89, 35, 21, 55, 53]
]
需要区間:
[
[[0, 0], [1, 1], [2, 6], [7, 7], [8, 8], [9, 10]]
[[0, 0], [1, 3], [4, 5], [6, 7], [8, 8], [9, 10]]
[[0, 2], [3, 4], [5, 6], [7, 7], [8, 8], [9, 10]]
[[0, 3], [4, 5], [6, 6], [7, 7], [8, 8], [9, 10]]
[[0, 1], [2, 4], [5, 6], [7, 7], [8, 8], [9, 10]]
[[0, 2], [3, 3], [4, 4], [5, 7], [8, 8], [9, 10]]
[[0, 3], [4, 5], [6, 6], [7, 7], [8, 8], [9, 10]]
[[0, 0], [1, 4], [5, 6], [7, 7], [8, 8], [9, 10]]
[[0, 0], [1, 5], [6, 6], [7, 7], [8, 8], [9, 10]]
[[0, 3], [4, 4], [5, 6], [7, 7], [8, 8], [9, 10]]
[[0, 4], [5, 5], [6, 6], [7, 7], [8, 8], [9, 10]]
[[0, 0], [1, 2], [3, 6], [7, 7], [8, 8], [9, 10]]
[[0, 4], [5, 5], [6, 6], [7, 7], [8, 8], [9, 10]]
[[0, 0], [1, 1], [2, 2], [3, 7], [8, 8], [9, 10]]
[[0, 4], [5, 5], [6, 6], [7, 7], [8, 8], [9, 10]]
[[0, 4], [5, 5], [6, 6], [7, 7], [8, 8], [9, 10]]
[[0, 4], [5, 5], [6, 6], [7, 7], [8, 8], [9, 10]]
[[0, 0], [1, 1], [2, 2], [3, 4], [5, 7], [8, 10]]
[[0, 3], [4, 4], [5, 6], [7, 7], [8, 8], [9, 10]]
[[0, 4], [5, 5], [6, 6], [7, 7], [8, 8], [9, 10]]
[[0, 2], [3, 3], [4, 4], [5, 6], [7, 8], [9, 10]]
[[0, 3], [4, 5], [6, 6], [7, 7], [8, 8], [9, 10]]
[[0, 2], [3, 5], [6, 6], [7, 7], [8, 8], [9, 10]]
[[0, 3], [4, 4], [5, 6], [7, 7], [8, 8], [9, 10]]
[[0, 1], [2, 5], [6, 6], [7, 7], [8, 8], [9, 10]]
[[0, 4], [5, 5], [6, 6], [7, 7], [8, 8], [9, 10]]
[[0, 0], [1, 4], [5, 5], [6, 7], [8, 8], [9, 10]]
[[0, 4], [5, 5], [6, 6], [7, 7], [8, 8], [9, 10]]
[[0, 0], [1, 3], [4, 6], [7, 7], [8, 8], [9, 10]]
[[0, 2], [3, 4], [5, 6], [7, 7], [8, 8], [9, 10]]
[[0, 3], [4, 4], [5, 5], [6, 7], [8, 8], [9, 10]]
[[0, 2], [3, 3], [4, 6], [7, 7], [8, 8], [9, 10]]
[[0, 0], [1, 5], [6, 6], [7, 7], [8, 8], [9, 10]]
[[0, 1], [2, 5], [6, 6], [7, 7], [8, 8], [9, 10]]
[[0, 2], [3, 3], [4, 6], [7, 7], [8, 8], [9, 10]]
[[0, 0], [1, 4], [5, 5], [6, 7], [8, 8], [9, 10]]
[[0, 3], [4, 5], [6, 6], [7, 7], [8, 8], [9, 10]]
[[0, 4], [5, 5], [6, 6], [7, 7], [8, 8], [9, 10]]
[[0, 1], [2, 2], [3, 3], [4, 5], [6, 8], [9, 10]]
[[0, 0], [1, 2], [3, 3], [4, 4], [5, 8], [9, 10]]
[[0, 4], [5, 5], [6, 6], [7, 7], [8, 8], [9, 10]]
[[0, 3], [4, 4], [5, 5], [6, 6], [7, 7], [8, 10]]
[[0, 4], [5, 5], [6, 6], [7, 7], [8, 8], [9, 10]]
[[0, 1], [2, 4], [5, 5], [6, 7], [8, 8], [9, 10]]
[[0, 0], [1, 4], [5, 5], [6, 6], [7, 8], [9, 10]]
[[0, 3], [4, 5], [6, 6], [7, 7], [8, 8], [9, 10]]
[[0, 1], [2, 2], [3, 4], [5, 6], [7, 7], [8, 10]]
[[0, 2], [3, 5], [6, 6], [7, 7], [8, 8], [9, 10]]
[[0, 0], [1, 3], [4, 4], [5, 6], [7, 7], [8, 10]]
[[0, 4], [5, 5], [6, 6], [7, 7], [8, 8], [9, 10]]
]
Max value: 1000
====================
入札者数: 50
財の個数: 10
傾き:
[
[57, 49, 52, 10, 22]
[20, 13, 90, 51, 25]
[53, 12, 29, 72, 73]
[97, 70, 42, 97, 68]
[75, 93, 10, 57, 63]
[52, 21, 48, 71, 33]
[49, 53, 72, 55, 19]
[93, 49, 11, 85, 29]
[82, 14, 19, 38, 54]
[85, 74, 30, 81, 23]
[52, 16, 68, 67, 34]
[87, 99, 70, 28, 90]
[20, 97, 100, 41, 43]
[57, 68, 10, 99, 87]
[31, 70, 79, 60, 23]
[86, 23, 17, 70, 31]
[93, 38, 82, 50, 17]
[80, 74, 100, 27, 60]
[21, 82, 39, 46, 93]
[93, 17, 72, 68, 14]
[36, 85, 30, 87, 87]
[53, 98, 40, 16, 43]
[88, 60, 50, 74, 37]
[36, 23, 14, 48, 43]
[88, 28, 42, 31, 90]
[27, 48, 31, 61, 23]
[16, 83, 61, 16, 65]
[68, 88, 19, 100, 78]
[11, 46, 59, 31, 93]
[70, 34, 84, 33, 58]
[84, 84, 14, 77, 94]
[41, 66, 74, 56, 79]
[46, 17, 26, 82, 75]
[10, 97, 24, 17, 89]
[10, 26, 63, 19, 10]
[40, 71, 66, 33, 85]
[23, 89, 44, 19, 26]
[35, 45, 63, 83, 78]
[53, 33, 47, 41, 47]
[23, 27, 96, 44, 56]
[41, 35, 40, 79, 53]
[43, 24, 21, 30, 43]
[84, 79, 30, 23, 11]
[69, 51, 79, 17, 52]
[43, 31, 48, 96, 40]
[72, 22, 46, 61, 11]
[70, 32, 45, 49, 32]
[64, 64, 80, 20, 58]
[61, 86, 73, 81, 84]
[53, 43, 69, 77, 65]
]
需要区間:
[
[[0, 1], [2, 3], [4, 5], [6, 7], [8, 10]]
[[0, 1], [2, 3], [4, 5], [6, 7], [8, 10]]
[[0, 1], [2, 3], [4, 5], [6, 7], [8, 10]]
[[0, 1], [2, 3], [4, 5], [6, 7], [8, 10]]
[[0, 1], [2, 3], [4, 5], [6, 7], [8, 10]]
[[0, 1], [2, 3], [4, 5], [6, 7], [8, 10]]
[[0, 1], [2, 3], [4, 5], [6, 7], [8, 10]]
[[0, 1], [2, 3], [4, 5], [6, 7], [8, 10]]
[[0, 1], [2, 3], [4, 5], [6, 7], [8, 10]]
[[0, 1], [2, 3], [4, 5], [6, 7], [8, 10]]
[[0, 1], [2, 3], [4, 5], [6, 7], [8, 10]]
[[0, 1], [2, 3], [4, 5], [6, 7], [8, 10]]
[[0, 1], [2, 3], [4, 5], [6, 7], [8, 10]]
[[0, 1], [2, 3], [4, 5], [6, 7], [8, 10]]
[[0, 1], [2, 3], [4, 5], [6, 7], [8, 10]]
[[0, 1], [2, 3], [4, 5], [6, 7], [8, 10]]
[[0, 1], [2, 3], [4, 5], [6, 7], [8, 10]]
[[0, 1], [2, 3], [4, 5], [6, 7], [8, 10]]
[[0, 1], [2, 3], [4, 5], [6, 7], [8, 10]]
[[0, 1], [2, 3], [4, 5], [6, 7], [8, 10]]
[[0, 1], [2, 3], [4, 5], [6, 7], [8, 10]]
[[0, 1], [2, 3], [4, 5], [6, 7], [8, 10]]
[[0, 1], [2, 3], [4, 5], [6, 7], [8, 10]]
[[0, 1], [2, 3], [4, 5], [6, 7], [8, 10]]
[[0, 1], [2, 3], [4, 5], [6, 7], [8, 10]]
[[0, 1], [2, 3], [4, 5], [6, 7], [8, 10]]
[[0, 1], [2, 3], [4, 5], [6, 7], [8, 10]]
[[0, 1], [2, 3], [4, 5], [6, 7], [8, 10]]
[[0, 1], [2, 3], [4, 5], [6, 7], [8, 10]]
[[0, 1], [2, 3], [4, 5], [6, 7], [8, 10]]
[[0, 1], [2, 3], [4, 5], [6, 7], [8, 10]]
[[0, 1], [2, 3], [4, 5], [6, 7], [8, 10]]
[[0, 1], [2, 3], [4, 5], [6, 7], [8, 10]]
[[0, 1], [2, 3], [4, 5], [6, 7], [8, 10]]
[[0, 1], [2, 3], [4, 5], [6, 7], [8, 10]]
[[0, 1], [2, 3], [4, 5], [6, 7], [8, 10]]
[[0, 1], [2, 3], [4, 5], [6, 7], [8, 10]]
[[0, 1], [2, 3], [4, 5], [6, 7], [8, 10]]
[[0, 1], [2, 3], [4, 5], [6, 7], [8, 10]]
[[0, 1], [2, 3], [4, 5], [6, 7], [8, 10]]
[[0, 1], [2, 3], [4, 5], [6, 7], [8, 10]]
[[0, 1], [2, 3], [4, 5], [6, 7], [8, 10]]
[[0, 1], [2, 3], [4, 5], [6, 7], [8, 10]]
[[0, 1], [2, 3], [4, 5], [6, 7], [8, 10]]
[[0, 1], [2, 3], [4, 5], [6, 7], [8, 10]]
[[0, 1], [2, 3], [4, 5], [6, 7], [8, 10]]
[[0, 1], [2, 3], [4, 5], [6, 7], [8, 10]]
[[0, 1], [2, 3], [4, 5], [6, 7], [8, 10]]
[[0, 1], [2, 3], [4, 5], [6, 7], [8, 10]]
[[0, 1], [2, 3], [4, 5], [6, 7], [8, 10]]
]
Max value: 1000
====================
入札者数: 50
財の個数: 10
傾き:
[
[57, 12, 13, 36, 48, 23, 61]
[77, 18, 67, 52, 49, 27, 29]
[56, 75, 64, 86, 42, 26, 17]
[33, 14, 40, 43, 32, 50, 36]
[89, 39, 32, 49, 44, 95, 76]
[66, 44, 81, 72, 38, 84, 84]
[35, 46, 47, 17, 51, 14, 91]
[65, 11, 14, 72, 96, 18, 70]
[36, 52, 32, 45, 65, 28, 21]
[53, 51, 99, 52, 38, 93, 98]
[99, 25, 50, 33, 87, 51, 40]
[58, 43, 36, 87, 35, 53, 89]
[27, 44, 59, 57, 30, 87, 67]
[67, 93, 35, 54, 59, 52, 92]
[72, 82, 71, 80, 12, 43, 96]
[99, 15, 16, 60, 61, 18, 42]
[26, 97, 20, 61, 56, 82, 21]
[16, 24, 29, 45, 85, 98, 38]
[95, 85, 17, 93, 75, 99, 70]
[28, 82, 93, 20, 14, 41, 84]
[41, 43, 45, 95, 27, 13, 29]
[79, 80, 83, 58, 39, 44, 10]
[85, 20, 64, 91, 37, 27, 71]
[74, 59, 17, 91, 41, 97, 72]
[21, 83, 22, 77, 17, 28, 99]
[48, 27, 45, 62, 18, 85, 73]
[80, 31, 77, 52, 44, 52, 55]
[59, 59, 48, 60, 66, 32, 67]
[39, 10, 25, 12, 98, 43, 62]
[53, 51, 10, 40, 86, 26, 86]
[65, 71, 79, 83, 86, 70, 75]
[53, 73, 94, 37, 41, 93, 18]
[41, 93, 26, 26, 96, 24, 56]
[80, 98, 46, 49, 87, 100, 94]
[34, 94, 73, 50, 61, 44, 98]
[25, 81, 13, 23, 26, 92, 100]
[14, 88, 30, 86, 15, 40, 91]
[98, 84, 25, 46, 82, 87, 11]
[90, 77, 93, 83, 73, 72, 80]
[85, 46, 90, 28, 40, 94, 67]
[24, 65, 99, 69, 59, 52, 54]
[43, 100, 47, 41, 20, 64, 93]
[80, 67, 79, 22, 10, 18, 68]
[47, 97, 21, 41, 52, 96, 94]
[93, 21, 80, 97, 43, 32, 49]
[32, 49, 50, 28, 73, 37, 38]
[79, 70, 54, 59, 46, 32, 77]
[24, 47, 33, 23, 78, 84, 53]
[79, 91, 44, 64, 56, 26, 36]
[58, 72, 24, 84, 80, 46, 81]
]
需要区間:
[
[[0, 2], [3, 3], [4, 4], [5, 5], [6, 7], [8, 8], [9, 10]]
[[0, 2], [3, 3], [4, 5], [6, 6], [7, 7], [8, 8], [9, 10]]
[[0, 2], [3, 4], [5, 5], [6, 6], [7, 7], [8, 8], [9, 10]]
[[0, 3], [4, 4], [5, 5], [6, 6], [7, 7], [8, 8], [9, 10]]
[[0, 3], [4, 4], [5, 5], [6, 6], [7, 7], [8, 8], [9, 10]]
[[0, 0], [1, 4], [5, 5], [6, 6], [7, 7], [8, 8], [9, 10]]
[[0, 0], [1, 2], [3, 4], [5, 6], [7, 7], [8, 8], [9, 10]]
[[0, 1], [2, 4], [5, 5], [6, 6], [7, 7], [8, 8], [9, 10]]
[[0, 3], [4, 4], [5, 5], [6, 6], [7, 7], [8, 8], [9, 10]]
[[0, 3], [4, 4], [5, 5], [6, 6], [7, 7], [8, 8], [9, 10]]
[[0, 3], [4, 4], [5, 5], [6, 6], [7, 7], [8, 8], [9, 10]]
[[0, 3], [4, 4], [5, 5], [6, 6], [7, 7], [8, 8], [9, 10]]
[[0, 2], [3, 4], [5, 5], [6, 6], [7, 7], [8, 8], [9, 10]]
[[0, 0], [1, 2], [3, 5], [6, 6], [7, 7], [8, 8], [9, 10]]
[[0, 3], [4, 4], [5, 5], [6, 6], [7, 7], [8, 8], [9, 10]]
[[0, 3], [4, 4], [5, 5], [6, 6], [7, 7], [8, 8], [9, 10]]
[[0, 2], [3, 3], [4, 5], [6, 6], [7, 7], [8, 8], [9, 10]]
[[0, 1], [2, 3], [4, 4], [5, 6], [7, 7], [8, 8], [9, 10]]
[[0, 3], [4, 4], [5, 5], [6, 6], [7, 7], [8, 8], [9, 10]]
[[0, 0], [1, 3], [4, 5], [6, 6], [7, 7], [8, 8], [9, 10]]
[[0, 2], [3, 3], [4, 5], [6, 6], [7, 7], [8, 8], [9, 10]]
[[0, 2], [3, 3], [4, 4], [5, 6], [7, 7], [8, 8], [9, 10]]
[[0, 3], [4, 4], [5, 5], [6, 6], [7, 7], [8, 8], [9, 10]]
[[0, 2], [3, 3], [4, 4], [5, 6], [7, 7], [8, 8], [9, 10]]
[[0, 3], [4, 4], [5, 5], [6, 6], [7, 7], [8, 8], [9, 10]]
[[0, 1], [2, 3], [4, 5], [6, 6], [7, 7], [8, 8], [9, 10]]
[[0, 3], [4, 4], [5, 5], [6, 6], [7, 7], [8, 8], [9, 10]]
[[0, 0], [1, 2], [3, 3], [4, 4], [5, 5], [6, 7], [8, 10]]
[[0, 2], [3, 3], [4, 5], [6, 6], [7, 7], [8, 8], [9, 10]]
[[0, 1], [2, 2], [3, 4], [5, 5], [6, 7], [8, 8], [9, 10]]
[[0, 0], [1, 4], [5, 5], [6, 6], [7, 7], [8, 8], [9, 10]]
[[0, 3], [4, 4], [5, 5], [6, 6], [7, 7], [8, 8], [9, 10]]
[[0, 2], [3, 3], [4, 5], [6, 6], [7, 7], [8, 8], [9, 10]]
[[0, 3], [4, 4], [5, 5], [6, 6], [7, 7], [8, 8], [9, 10]]
[[0, 0], [1, 4], [5, 5], [6, 6], [7, 7], [8, 8], [9, 10]]
[[0, 3], [4, 4], [5, 5], [6, 6], [7, 7], [8, 8], [9, 10]]
[[0, 3], [4, 4], [5, 5], [6, 6], [7, 7], [8, 8], [9, 10]]
[[0, 1], [2, 3], [4, 5], [6, 6], [7, 7], [8, 8], [9, 10]]
[[0, 2], [3, 3], [4, 5], [6, 6], [7, 7], [8, 8], [9, 10]]
[[0, 2], [3, 3], [4, 5], [6, 6], [7, 7], [8, 8], [9, 10]]
[[0, 3], [4, 4], [5, 5], [6, 6], [7, 7], [8, 8], [9, 10]]
[[0, 0], [1, 1], [2, 5], [6, 6], [7, 7], [8, 8], [9, 10]]
[[0, 2], [3, 4], [5, 5], [6, 6], [7, 7], [8, 8], [9, 10]]
[[0, 0], [1, 4], [5, 5], [6, 6], [7, 7], [8, 8], [9, 10]]
[[0, 0], [1, 1], [2, 4], [5, 6], [7, 7], [8, 8], [9, 10]]
[[0, 1], [2, 4], [5, 5], [6, 6], [7, 7], [8, 8], [9, 10]]
[[0, 1], [2, 3], [4, 5], [6, 6], [7, 7], [8, 8], [9, 10]]
[[0, 0], [1, 3], [4, 5], [6, 6], [7, 7], [8, 8], [9, 10]]
[[0, 2], [3, 3], [4, 4], [5, 6], [7, 7], [8, 8], [9, 10]]
[[0, 0], [1, 4], [5, 5], [6, 6], [7, 7], [8, 8], [9, 10]]
]
Max value: 1000
====================
入札者数: 50
財の個数: 10
傾き:
[
[100, 64, 74, 19, 65, 86]
[53, 31, 91, 48, 28, 99]
[39, 53, 47, 96, 79, 62]
[74, 78, 86, 36, 36, 89]
[21, 79, 42, 12, 68, 73]
[27, 34, 84, 18, 39, 81]
[51, 53, 26, 91, 86, 100]
[88, 61, 48, 37, 55, 74]
[55, 75, 86, 16, 89, 37]
[57, 35, 26, 82, 69, 76]
[92, 24, 84, 90, 20, 21]
[63, 62, 56, 22, 69, 33]
[65, 81, 62, 76, 60, 34]
[83, 70, 31, 69, 24, 24]
[61, 49, 66, 10, 93, 33]
[15, 32, 60, 15, 62, 51]
[63, 79, 25, 87, 62, 16]
[99, 86, 46, 57, 66, 55]
[95, 56, 96, 30, 24, 49]
[79, 15, 60, 58, 81, 97]
[32, 91, 80, 33, 95, 43]
[23, 22, 59, 10, 93, 59]
[56, 57, 62, 39, 83, 71]
[64, 10, 74, 22, 14, 56]
[83, 22, 39, 97, 29, 70]
[82, 96, 78, 46, 75, 62]
[54, 32, 82, 49, 61, 77]
[19, 11, 94, 67, 99, 78]
[42, 44, 25, 82, 15, 59]
[79, 75, 96, 48, 79, 24]
[58, 16, 34, 89, 47, 25]
[30, 35, 63, 77, 45, 18]
[56, 76, 42, 29, 81, 32]
[10, 80, 29, 69, 73, 22]
[10, 91, 20, 70, 21, 46]
[11, 43, 56, 22, 77, 72]
[32, 61, 42, 69, 58, 66]
[13, 81, 40, 10, 71, 42]
[39, 94, 17, 97, 60, 73]
[14, 54, 36, 48, 76, 11]
[24, 72, 54, 21, 20, 90]
[33, 58, 12, 14, 45, 71]
[46, 12, 66, 91, 89, 42]
[73, 10, 100, 26, 94, 95]
[46, 66, 13, 60, 54, 90]
[87, 55, 84, 83, 12, 100]
[11, 52, 92, 10, 14, 39]
[75, 42, 43, 33, 87, 86]
[72, 31, 18, 100, 31, 18]
[26, 10, 80, 31, 53, 61]
]
需要区間:
[
[[0, 0], [1, 4], [5, 6], [7, 7], [8, 8], [9, 10]]
[[0, 4], [5, 5], [6, 6], [7, 7], [8, 8], [9, 10]]
[[0, 0], [1, 1], [2, 4], [5, 6], [7, 7], [8, 10]]
[[0, 4], [5, 5], [6, 6], [7, 7], [8, 8], [9, 10]]
[[0, 0], [1, 4], [5, 6], [7, 7], [8, 8], [9, 10]]
[[0, 0], [1, 2], [3, 3], [4, 7], [8, 8], [9, 10]]
[[0, 3], [4, 4], [5, 5], [6, 6], [7, 8], [9, 10]]
[[0, 4], [5, 5], [6, 6], [7, 7], [8, 8], [9, 10]]
[[0, 2], [3, 5], [6, 6], [7, 7], [8, 8], [9, 10]]
[[0, 4], [5, 5], [6, 6], [7, 7], [8, 8], [9, 10]]
[[0, 1], [2, 4], [5, 5], [6, 7], [8, 8], [9, 10]]
[[0, 0], [1, 5], [6, 6], [7, 7], [8, 8], [9, 10]]
[[0, 3], [4, 4], [5, 5], [6, 6], [7, 7], [8, 10]]
[[0, 3], [4, 5], [6, 6], [7, 7], [8, 8], [9, 10]]
[[0, 3], [4, 4], [5, 6], [7, 7], [8, 8], [9, 10]]
[[0, 1], [2, 4], [5, 5], [6, 6], [7, 7], [8, 10]]
[[0, 1], [2, 2], [3, 3], [4, 4], [5, 5], [6, 10]]
[[0, 1], [2, 4], [5, 6], [7, 7], [8, 8], [9, 10]]
[[0, 3], [4, 4], [5, 5], [6, 6], [7, 7], [8, 10]]
[[0, 3], [4, 5], [6, 6], [7, 7], [8, 8], [9, 10]]
[[0, 0], [1, 4], [5, 5], [6, 6], [7, 7], [8, 10]]
[[0, 4], [5, 5], [6, 6], [7, 7], [8, 8], [9, 10]]
[[0, 3], [4, 5], [6, 6], [7, 7], [8, 8], [9, 10]]
[[0, 2], [3, 5], [6, 6], [7, 7], [8, 8], [9, 10]]
[[0, 1], [2, 2], [3, 6], [7, 7], [8, 8], [9, 10]]
[[0, 0], [1, 1], [2, 4], [5, 7], [8, 8], [9, 10]]
[[0, 0], [1, 2], [3, 4], [5, 5], [6, 8], [9, 10]]
[[0, 2], [3, 3], [4, 5], [6, 7], [8, 8], [9, 10]]
[[0, 2], [3, 3], [4, 5], [6, 7], [8, 8], [9, 10]]
[[0, 4], [5, 5], [6, 6], [7, 7], [8, 8], [9, 10]]
[[0, 4], [5, 5], [6, 6], [7, 7], [8, 8], [9, 10]]
[[0, 4], [5, 5], [6, 6], [7, 7], [8, 8], [9, 10]]
[[0, 4], [5, 5], [6, 6], [7, 7], [8, 8], [9, 10]]
[[0, 1], [2, 5], [6, 6], [7, 7], [8, 8], [9, 10]]
[[0, 3], [4, 4], [5, 5], [6, 7], [8, 8], [9, 10]]
[[0, 1], [2, 5], [6, 6], [7, 7], [8, 8], [9, 10]]
[[0, 1], [2, 2], [3, 5], [6, 6], [7, 7], [8, 10]]
[[0, 3], [4, 5], [6, 6], [7, 7], [8, 8], [9, 10]]
[[0, 2], [3, 5], [6, 6], [7, 7], [8, 8], [9, 10]]
[[0, 4], [5, 5], [6, 6], [7, 7], [8, 8], [9, 10]]
[[0, 3], [4, 5], [6, 6], [7, 7], [8, 8], [9, 10]]
[[0, 0], [1, 2], [3, 5], [6, 7], [8, 8], [9, 10]]
[[0, 0], [1, 2], [3, 4], [5, 7], [8, 8], [9, 10]]
[[0, 2], [3, 4], [5, 5], [6, 6], [7, 7], [8, 10]]
[[0, 0], [1, 3], [4, 4], [5, 5], [6, 7], [8, 10]]
[[0, 3], [4, 4], [5, 6], [7, 7], [8, 8], [9, 10]]
[[0, 0], [1, 5], [6, 6], [7, 7], [8, 8], [9, 10]]
[[0, 0], [1, 3], [4, 6], [7, 7], [8, 8], [9, 10]]
[[0, 2], [3, 5], [6, 6], [7, 7], [8, 8], [9, 10]]
[[0, 4], [5, 5], [6, 6], [7, 7], [8, 8], [9, 10]]
]
Max value: 1000
====================
入札者数: 50
財の個数: 10
傾き:
[
[44, 63, 53, 100, 59]
[24, 51, 86, 50, 58]
[79, 16, 50, 32, 43]
[11, 88, 53, 51, 25]
[70, 29, 60, 13, 45]
[51, 50, 10, 13, 15]
[83, 56, 59, 24, 25]
[47, 37, 77, 12, 55]
[93, 91, 11, 98, 49]
[27, 39, 57, 98, 64]
[10, 47, 45, 45, 78]
[40, 71, 14, 83, 91]
[47, 30, 69, 23, 11]
[29, 15, 31, 32, 43]
[37, 35, 22, 31, 22]
[18, 11, 62, 34, 18]
[60, 77, 89, 53, 32]
[60, 93, 57, 84, 68]
[42, 55, 97, 79, 36]
[35, 80, 34, 51, 75]
[52, 91, 14, 42, 84]
[21, 12, 41, 65, 52]
[67, 26, 11, 57, 30]
[32, 39, 94, 17, 23]
[82, 81, 55, 94, 47]
[26, 71, 44, 91, 96]
[35, 78, 14, 25, 40]
[57, 83, 16, 33, 36]
[33, 61, 68, 96, 88]
[59, 70, 65, 54, 49]
[97, 90, 60, 98, 87]
[26, 78, 10, 45, 75]
[41, 98, 21, 42, 55]
[91, 18, 18, 38, 59]
[53, 62, 45, 54, 69]
[25, 19, 52, 97, 99]
[27, 18, 40, 63, 68]
[81, 11, 65, 31, 58]
[21, 57, 91, 77, 12]
[92, 36, 96, 16, 91]
[91, 73, 62, 85, 81]
[54, 50, 14, 60, 76]
[74, 68, 84, 40, 66]
[65, 90, 38, 45, 61]
[82, 55, 24, 95, 19]
[42, 37, 27, 50, 65]
[58, 35, 98, 89, 17]
[52, 11, 54, 27, 55]
[61, 86, 68, 33, 56]
[27, 39, 86, 89, 86]
]
需要区間:
[
[[0, 1], [2, 3], [4, 5], [6, 7], [8, 10]]
[[0, 1], [2, 3], [4, 5], [6, 7], [8, 10]]
[[0, 1], [2, 3], [4, 5], [6, 7], [8, 10]]
[[0, 1], [2, 3], [4, 5], [6, 7], [8, 10]]
[[0, 1], [2, 3], [4, 5], [6, 7], [8, 10]]
[[0, 1], [2, 3], [4, 5], [6, 7], [8, 10]]
[[0, 1], [2, 3], [4, 5], [6, 7], [8, 10]]
[[0, 1], [2, 3], [4, 5], [6, 7], [8, 10]]
[[0, 1], [2, 3], [4, 5], [6, 7], [8, 10]]
[[0, 1], [2, 3], [4, 5], [6, 7], [8, 10]]
[[0, 1], [2, 3], [4, 5], [6, 7], [8, 10]]
[[0, 1], [2, 3], [4, 5], [6, 7], [8, 10]]
[[0, 1], [2, 3], [4, 5], [6, 7], [8, 10]]
[[0, 1], [2, 3], [4, 5], [6, 7], [8, 10]]
[[0, 1], [2, 3], [4, 5], [6, 7], [8, 10]]
[[0, 1], [2, 3], [4, 5], [6, 7], [8, 10]]
[[0, 1], [2, 3], [4, 5], [6, 7], [8, 10]]
[[0, 1], [2, 3], [4, 5], [6, 7], [8, 10]]
[[0, 1], [2, 3], [4, 5], [6, 7], [8, 10]]
[[0, 1], [2, 3], [4, 5], [6, 7], [8, 10]]
[[0, 1], [2, 3], [4, 5], [6, 7], [8, 10]]
[[0, 1], [2, 3], [4, 5], [6, 7], [8, 10]]
[[0, 1], [2, 3], [4, 5], [6, 7], [8, 10]]
[[0, 1], [2, 3], [4, 5], [6, 7], [8, 10]]
[[0, 1], [2, 3], [4, 5], [6, 7], [8, 10]]
[[0, 1], [2, 3], [4, 5], [6, 7], [8, 10]]
[[0, 1], [2, 3], [4, 5], [6, 7], [8, 10]]
[[0, 1], [2, 3], [4, 5], [6, 7], [8, 10]]
[[0, 1], [2, 3], [4, 5], [6, 7], [8, 10]]
[[0, 1], [2, 3], [4, 5], [6, 7], [8, 10]]
[[0, 1], [2, 3], [4, 5], [6, 7], [8, 10]]
[[0, 1], [2, 3], [4, 5], [6, 7], [8, 10]]
[[0, 1], [2, 3], [4, 5], [6, 7], [8, 10]]
[[0, 1], [2, 3], [4, 5], [6, 7], [8, 10]]
[[0, 1], [2, 3], [4, 5], [6, 7], [8, 10]]
[[0, 1], [2, 3], [4, 5], [6, 7], [8, 10]]
[[0, 1], [2, 3], [4, 5], [6, 7], [8, 10]]
[[0, 1], [2, 3], [4, 5], [6, 7], [8, 10]]
[[0, 1], [2, 3], [4, 5], [6, 7], [8, 10]]
[[0, 1], [2, 3], [4, 5], [6, 7], [8, 10]]
[[0, 1], [2, 3], [4, 5], [6, 7], [8, 10]]
[[0, 1], [2, 3], [4, 5], [6, 7], [8, 10]]
[[0, 1], [2, 3], [4, 5], [6, 7], [8, 10]]
[[0, 1], [2, 3], [4, 5], [6, 7], [8, 10]]
[[0, 1], [2, 3], [4, 5], [6, 7], [8, 10]]
[[0, 1], [2, 3], [4, 5], [6, 7], [8, 10]]
[[0, 1], [2, 3], [4, 5], [6, 7], [8, 10]]
[[0, 1], [2, 3], [4, 5], [6, 7], [8, 10]]
[[0, 1], [2, 3], [4, 5], [6, 7], [8, 10]]
[[0, 1], [2, 3], [4, 5], [6, 7], [8, 10]]
]
Max value: 994
平均実行時間: 0.0014770699664950371 秒
