====================
入札者数: 100
財の個数: 10
傾き:
[
[25, 92, 62, 19, 89, 57, 76, 61, 22, 82]
[50, 43, 58, 44, 73, 94, 37, 11, 92, 70]
[56, 55, 88, 74, 58, 76, 41, 24, 69, 69]
[42, 34, 63, 18, 72, 92, 35, 73, 20, 67]
[55, 96, 41, 96, 70, 79, 13, 44, 43, 64]
[53, 81, 60, 77, 76, 19, 18, 75, 93, 97]
[83, 75, 38, 100, 26, 30, 52, 55, 71, 87]
[23, 20, 45, 58, 89, 63, 67, 86, 69, 29]
[56, 35, 75, 99, 15, 51, 16, 54, 97, 16]
[90, 25, 35, 15, 33, 47, 88, 39, 86, 17]
[55, 95, 65, 27, 58, 50, 79, 14, 47, 23]
[53, 18, 46, 26, 96, 94, 57, 29, 82, 76]
[100, 53, 45, 66, 13, 93, 21, 58, 43, 17]
[65, 67, 60, 99, 45, 38, 35, 19, 85, 18]
[26, 42, 22, 26, 38, 12, 66, 64, 42, 67]
[22, 60, 93, 96, 65, 79, 63, 22, 49, 55]
[100, 37, 91, 88, 83, 90, 68, 34, 76, 15]
[80, 97, 45, 35, 21, 55, 10, 18, 82, 57]
[21, 26, 51, 10, 77, 99, 45, 83, 14, 62]
[53, 64, 92, 38, 66, 90, 93, 39, 27, 33]
[73, 81, 99, 36, 82, 93, 83, 67, 58, 12]
[46, 23, 17, 99, 34, 64, 47, 46, 47, 21]
[53, 32, 83, 70, 36, 50, 93, 16, 39, 53]
[56, 52, 37, 77, 86, 34, 73, 44, 37, 99]
[80, 25, 31, 38, 19, 38, 16, 98, 95, 52]
[75, 60, 76, 36, 28, 31, 38, 88, 39, 43]
[90, 32, 24, 54, 38, 13, 10, 83, 63, 31]
[99, 98, 72, 67, 34, 11, 51, 56, 62, 41]
[33, 94, 67, 96, 52, 28, 37, 96, 93, 83]
[82, 63, 100, 29, 62, 43, 10, 46, 73, 50]
[73, 83, 23, 37, 12, 46, 92, 75, 98, 85]
[22, 90, 69, 99, 41, 41, 93, 57, 39, 39]
[92, 78, 90, 27, 39, 58, 21, 66, 98, 82]
[41, 83, 64, 63, 98, 18, 58, 45, 30, 71]
[81, 64, 37, 48, 10, 86, 19, 43, 22, 73]
[56, 18, 30, 80, 61, 12, 25, 42, 76, 62]
[75, 84, 68, 58, 16, 42, 46, 42, 18, 87]
[91, 59, 35, 22, 27, 80, 95, 36, 37, 61]
[10, 40, 69, 62, 37, 45, 68, 65, 73, 44]
[47, 46, 97, 76, 44, 96, 76, 60, 72, 96]
[63, 10, 62, 75, 31, 62, 52, 84, 80, 51]
[31, 59, 43, 34, 55, 29, 42, 52, 36, 98]
[88, 59, 83, 89, 49, 39, 27, 10, 43, 61]
[98, 57, 56, 40, 55, 87, 52, 32, 73, 66]
[64, 100, 84, 70, 79, 63, 52, 96, 15, 14]
[74, 66, 57, 10, 36, 97, 17, 29, 48, 36]
[23, 38, 21, 59, 25, 10, 43, 28, 19, 18]
[54, 79, 28, 77, 68, 96, 75, 75, 58, 75]
[10, 58, 59, 83, 48, 79, 91, 24, 23, 29]
[52, 80, 43, 89, 84, 85, 31, 51, 74, 93]
[48, 58, 66, 20, 82, 68, 80, 54, 44, 43]
[60, 79, 20, 59, 25, 76, 58, 76, 58, 28]
[20, 70, 66, 51, 58, 17, 28, 41, 78, 63]
[21, 45, 52, 36, 72, 56, 37, 23, 74, 95]
[69, 96, 89, 60, 13, 67, 28, 85, 50, 14]
[42, 60, 65, 32, 58, 92, 25, 77, 93, 63]
[91, 91, 69, 42, 40, 63, 12, 52, 18, 48]
[23, 26, 96, 66, 60, 39, 64, 12, 28, 22]
[60, 78, 60, 72, 59, 39, 100, 94, 52, 18]
[15, 63, 27, 91, 92, 68, 64, 16, 72, 33]
[26, 92, 14, 78, 11, 68, 31, 20, 37, 25]
[79, 44, 40, 36, 32, 34, 23, 28, 63, 88]
[76, 70, 29, 76, 73, 38, 100, 20, 60, 60]
[19, 99, 27, 55, 70, 61, 33, 55, 96, 22]
[97, 91, 70, 16, 82, 99, 78, 36, 40, 83]
[99, 86, 45, 88, 93, 89, 80, 42, 98, 32]
[91, 76, 55, 47, 58, 39, 84, 87, 16, 22]
[64, 16, 54, 15, 18, 94, 11, 50, 11, 18]
[83, 74, 19, 97, 52, 92, 34, 25, 90, 94]
[33, 21, 30, 63, 86, 62, 16, 63, 12, 10]
[26, 60, 58, 94, 44, 11, 38, 54, 38, 16]
[35, 94, 24, 37, 83, 60, 83, 76, 74, 92]
[15, 42, 97, 72, 90, 44, 72, 97, 77, 17]
[67, 36, 40, 96, 74, 31, 62, 11, 52, 96]
[63, 81, 86, 79, 67, 30, 47, 86, 11, 98]
[99, 74, 74, 13, 71, 70, 31, 15, 97, 25]
[14, 94, 29, 56, 50, 61, 60, 48, 11, 13]
[35, 75, 77, 85, 18, 37, 88, 40, 36, 16]
[56, 92, 34, 42, 71, 10, 98, 62, 63, 33]
[90, 97, 46, 90, 40, 70, 80, 100, 12, 83]
[48, 42, 88, 91, 58, 82, 83, 38, 48, 92]
[28, 31, 56, 18, 96, 100, 85, 20, 20, 90]
[87, 55, 32, 24, 40, 64, 56, 81, 62, 71]
[45, 50, 13, 57, 93, 60, 12, 62, 24, 52]
[26, 100, 61, 82, 35, 74, 59, 62, 45, 87]
[12, 26, 71, 42, 34, 96, 36, 90, 61, 67]
[62, 51, 13, 24, 32, 49, 43, 71, 83, 45]
[81, 69, 40, 18, 78, 66, 64, 44, 83, 60]
[66, 39, 75, 17, 78, 27, 74, 54, 60, 17]
[29, 31, 29, 95, 11, 70, 74, 89, 35, 73]
[40, 38, 10, 39, 86, 59, 86, 50, 28, 21]
[17, 49, 36, 75, 22, 35, 13, 42, 11, 51]
[13, 32, 80, 17, 70, 23, 99, 99, 33, 94]
[98, 35, 17, 80, 70, 98, 48, 73, 82, 54]
[50, 83, 66, 63, 69, 81, 10, 15, 48, 54]
[99, 67, 91, 78, 48, 98, 67, 16, 37, 51]
[45, 53, 67, 82, 20, 94, 92, 29, 36, 91]
[10, 42, 63, 98, 43, 94, 41, 44, 13, 13]
[69, 20, 76, 77, 82, 25, 31, 89, 93, 56]
[46, 56, 79, 56, 61, 24, 63, 62, 73, 51]
]
需要区間:
[
[[0, 0], [1, 1], [2, 2], [3, 3], [4, 4], [5, 5], [6, 6], [7, 7], [8, 8], [9, 10]]
[[0, 0], [1, 1], [2, 2], [3, 3], [4, 4], [5, 5], [6, 6], [7, 7], [8, 8], [9, 10]]
[[0, 0], [1, 1], [2, 2], [3, 3], [4, 4], [5, 5], [6, 6], [7, 7], [8, 8], [9, 10]]
[[0, 0], [1, 1], [2, 2], [3, 3], [4, 4], [5, 5], [6, 6], [7, 7], [8, 8], [9, 10]]
[[0, 0], [1, 1], [2, 2], [3, 3], [4, 4], [5, 5], [6, 6], [7, 7], [8, 8], [9, 10]]
[[0, 0], [1, 1], [2, 2], [3, 3], [4, 4], [5, 5], [6, 6], [7, 7], [8, 8], [9, 10]]
[[0, 0], [1, 1], [2, 2], [3, 3], [4, 4], [5, 5], [6, 6], [7, 7], [8, 8], [9, 10]]
[[0, 0], [1, 1], [2, 2], [3, 3], [4, 4], [5, 5], [6, 6], [7, 7], [8, 8], [9, 10]]
[[0, 0], [1, 1], [2, 2], [3, 3], [4, 4], [5, 5], [6, 6], [7, 7], [8, 8], [9, 10]]
[[0, 0], [1, 1], [2, 2], [3, 3], [4, 4], [5, 5], [6, 6], [7, 7], [8, 8], [9, 10]]
[[0, 0], [1, 1], [2, 2], [3, 3], [4, 4], [5, 5], [6, 6], [7, 7], [8, 8], [9, 10]]
[[0, 0], [1, 1], [2, 2], [3, 3], [4, 4], [5, 5], [6, 6], [7, 7], [8, 8], [9, 10]]
[[0, 0], [1, 1], [2, 2], [3, 3], [4, 4], [5, 5], [6, 6], [7, 7], [8, 8], [9, 10]]
[[0, 0], [1, 1], [2, 2], [3, 3], [4, 4], [5, 5], [6, 6], [7, 7], [8, 8], [9, 10]]
[[0, 0], [1, 1], [2, 2], [3, 3], [4, 4], [5, 5], [6, 6], [7, 7], [8, 8], [9, 10]]
[[0, 0], [1, 1], [2, 2], [3, 3], [4, 4], [5, 5], [6, 6], [7, 7], [8, 8], [9, 10]]
[[0, 0], [1, 1], [2, 2], [3, 3], [4, 4], [5, 5], [6, 6], [7, 7], [8, 8], [9, 10]]
[[0, 0], [1, 1], [2, 2], [3, 3], [4, 4], [5, 5], [6, 6], [7, 7], [8, 8], [9, 10]]
[[0, 0], [1, 1], [2, 2], [3, 3], [4, 4], [5, 5], [6, 6], [7, 7], [8, 8], [9, 10]]
[[0, 0], [1, 1], [2, 2], [3, 3], [4, 4], [5, 5], [6, 6], [7, 7], [8, 8], [9, 10]]
[[0, 0], [1, 1], [2, 2], [3, 3], [4, 4], [5, 5], [6, 6], [7, 7], [8, 8], [9, 10]]
[[0, 0], [1, 1], [2, 2], [3, 3], [4, 4], [5, 5], [6, 6], [7, 7], [8, 8], [9, 10]]
[[0, 0], [1, 1], [2, 2], [3, 3], [4, 4], [5, 5], [6, 6], [7, 7], [8, 8], [9, 10]]
[[0, 0], [1, 1], [2, 2], [3, 3], [4, 4], [5, 5], [6, 6], [7, 7], [8, 8], [9, 10]]
[[0, 0], [1, 1], [2, 2], [3, 3], [4, 4], [5, 5], [6, 6], [7, 7], [8, 8], [9, 10]]
[[0, 0], [1, 1], [2, 2], [3, 3], [4, 4], [5, 5], [6, 6], [7, 7], [8, 8], [9, 10]]
[[0, 0], [1, 1], [2, 2], [3, 3], [4, 4], [5, 5], [6, 6], [7, 7], [8, 8], [9, 10]]
[[0, 0], [1, 1], [2, 2], [3, 3], [4, 4], [5, 5], [6, 6], [7, 7], [8, 8], [9, 10]]
[[0, 0], [1, 1], [2, 2], [3, 3], [4, 4], [5, 5], [6, 6], [7, 7], [8, 8], [9, 10]]
[[0, 0], [1, 1], [2, 2], [3, 3], [4, 4], [5, 5], [6, 6], [7, 7], [8, 8], [9, 10]]
[[0, 0], [1, 1], [2, 2], [3, 3], [4, 4], [5, 5], [6, 6], [7, 7], [8, 8], [9, 10]]
[[0, 0], [1, 1], [2, 2], [3, 3], [4, 4], [5, 5], [6, 6], [7, 7], [8, 8], [9, 10]]
[[0, 0], [1, 1], [2, 2], [3, 3], [4, 4], [5, 5], [6, 6], [7, 7], [8, 8], [9, 10]]
[[0, 0], [1, 1], [2, 2], [3, 3], [4, 4], [5, 5], [6, 6], [7, 7], [8, 8], [9, 10]]
[[0, 0], [1, 1], [2, 2], [3, 3], [4, 4], [5, 5], [6, 6], [7, 7], [8, 8], [9, 10]]
[[0, 0], [1, 1], [2, 2], [3, 3], [4, 4], [5, 5], [6, 6], [7, 7], [8, 8], [9, 10]]
[[0, 0], [1, 1], [2, 2], [3, 3], [4, 4], [5, 5], [6, 6], [7, 7], [8, 8], [9, 10]]
[[0, 0], [1, 1], [2, 2], [3, 3], [4, 4], [5, 5], [6, 6], [7, 7], [8, 8], [9, 10]]
[[0, 0], [1, 1], [2, 2], [3, 3], [4, 4], [5, 5], [6, 6], [7, 7], [8, 8], [9, 10]]
[[0, 0], [1, 1], [2, 2], [3, 3], [4, 4], [5, 5], [6, 6], [7, 7], [8, 8], [9, 10]]
[[0, 0], [1, 1], [2, 2], [3, 3], [4, 4], [5, 5], [6, 6], [7, 7], [8, 8], [9, 10]]
[[0, 0], [1, 1], [2, 2], [3, 3], [4, 4], [5, 5], [6, 6], [7, 7], [8, 8], [9, 10]]
[[0, 0], [1, 1], [2, 2], [3, 3], [4, 4], [5, 5], [6, 6], [7, 7], [8, 8], [9, 10]]
[[0, 0], [1, 1], [2, 2], [3, 3], [4, 4], [5, 5], [6, 6], [7, 7], [8, 8], [9, 10]]
[[0, 0], [1, 1], [2, 2], [3, 3], [4, 4], [5, 5], [6, 6], [7, 7], [8, 8], [9, 10]]
[[0, 0], [1, 1], [2, 2], [3, 3], [4, 4], [5, 5], [6, 6], [7, 7], [8, 8], [9, 10]]
[[0, 0], [1, 1], [2, 2], [3, 3], [4, 4], [5, 5], [6, 6], [7, 7], [8, 8], [9, 10]]
[[0, 0], [1, 1], [2, 2], [3, 3], [4, 4], [5, 5], [6, 6], [7, 7], [8, 8], [9, 10]]
[[0, 0], [1, 1], [2, 2], [3, 3], [4, 4], [5, 5], [6, 6], [7, 7], [8, 8], [9, 10]]
[[0, 0], [1, 1], [2, 2], [3, 3], [4, 4], [5, 5], [6, 6], [7, 7], [8, 8], [9, 10]]
[[0, 0], [1, 1], [2, 2], [3, 3], [4, 4], [5, 5], [6, 6], [7, 7], [8, 8], [9, 10]]
[[0, 0], [1, 1], [2, 2], [3, 3], [4, 4], [5, 5], [6, 6], [7, 7], [8, 8], [9, 10]]
[[0, 0], [1, 1], [2, 2], [3, 3], [4, 4], [5, 5], [6, 6], [7, 7], [8, 8], [9, 10]]
[[0, 0], [1, 1], [2, 2], [3, 3], [4, 4], [5, 5], [6, 6], [7, 7], [8, 8], [9, 10]]
[[0, 0], [1, 1], [2, 2], [3, 3], [4, 4], [5, 5], [6, 6], [7, 7], [8, 8], [9, 10]]
[[0, 0], [1, 1], [2, 2], [3, 3], [4, 4], [5, 5], [6, 6], [7, 7], [8, 8], [9, 10]]
[[0, 0], [1, 1], [2, 2], [3, 3], [4, 4], [5, 5], [6, 6], [7, 7], [8, 8], [9, 10]]
[[0, 0], [1, 1], [2, 2], [3, 3], [4, 4], [5, 5], [6, 6], [7, 7], [8, 8], [9, 10]]
[[0, 0], [1, 1], [2, 2], [3, 3], [4, 4], [5, 5], [6, 6], [7, 7], [8, 8], [9, 10]]
[[0, 0], [1, 1], [2, 2], [3, 3], [4, 4], [5, 5], [6, 6], [7, 7], [8, 8], [9, 10]]
[[0, 0], [1, 1], [2, 2], [3, 3], [4, 4], [5, 5], [6, 6], [7, 7], [8, 8], [9, 10]]
[[0, 0], [1, 1], [2, 2], [3, 3], [4, 4], [5, 5], [6, 6], [7, 7], [8, 8], [9, 10]]
[[0, 0], [1, 1], [2, 2], [3, 3], [4, 4], [5, 5], [6, 6], [7, 7], [8, 8], [9, 10]]
[[0, 0], [1, 1], [2, 2], [3, 3], [4, 4], [5, 5], [6, 6], [7, 7], [8, 8], [9, 10]]
[[0, 0], [1, 1], [2, 2], [3, 3], [4, 4], [5, 5], [6, 6], [7, 7], [8, 8], [9, 10]]
[[0, 0], [1, 1], [2, 2], [3, 3], [4, 4], [5, 5], [6, 6], [7, 7], [8, 8], [9, 10]]
[[0, 0], [1, 1], [2, 2], [3, 3], [4, 4], [5, 5], [6, 6], [7, 7], [8, 8], [9, 10]]
[[0, 0], [1, 1], [2, 2], [3, 3], [4, 4], [5, 5], [6, 6], [7, 7], [8, 8], [9, 10]]
[[0, 0], [1, 1], [2, 2], [3, 3], [4, 4], [5, 5], [6, 6], [7, 7], [8, 8], [9, 10]]
[[0, 0], [1, 1], [2, 2], [3, 3], [4, 4], [5, 5], [6, 6], [7, 7], [8, 8], [9, 10]]
[[0, 0], [1, 1], [2, 2], [3, 3], [4, 4], [5, 5], [6, 6], [7, 7], [8, 8], [9, 10]]
[[0, 0], [1, 1], [2, 2], [3, 3], [4, 4], [5, 5], [6, 6], [7, 7], [8, 8], [9, 10]]
[[0, 0], [1, 1], [2, 2], [3, 3], [4, 4], [5, 5], [6, 6], [7, 7], [8, 8], [9, 10]]
[[0, 0], [1, 1], [2, 2], [3, 3], [4, 4], [5, 5], [6, 6], [7, 7], [8, 8], [9, 10]]
[[0, 0], [1, 1], [2, 2], [3, 3], [4, 4], [5, 5], [6, 6], [7, 7], [8, 8], [9, 10]]
[[0, 0], [1, 1], [2, 2], [3, 3], [4, 4], [5, 5], [6, 6], [7, 7], [8, 8], [9, 10]]
[[0, 0], [1, 1], [2, 2], [3, 3], [4, 4], [5, 5], [6, 6], [7, 7], [8, 8], [9, 10]]
[[0, 0], [1, 1], [2, 2], [3, 3], [4, 4], [5, 5], [6, 6], [7, 7], [8, 8], [9, 10]]
[[0, 0], [1, 1], [2, 2], [3, 3], [4, 4], [5, 5], [6, 6], [7, 7], [8, 8], [9, 10]]
[[0, 0], [1, 1], [2, 2], [3, 3], [4, 4], [5, 5], [6, 6], [7, 7], [8, 8], [9, 10]]
[[0, 0], [1, 1], [2, 2], [3, 3], [4, 4], [5, 5], [6, 6], [7, 7], [8, 8], [9, 10]]
[[0, 0], [1, 1], [2, 2], [3, 3], [4, 4], [5, 5], [6, 6], [7, 7], [8, 8], [9, 10]]
[[0, 0], [1, 1], [2, 2], [3, 3], [4, 4], [5, 5], [6, 6], [7, 7], [8, 8], [9, 10]]
[[0, 0], [1, 1], [2, 2], [3, 3], [4, 4], [5, 5], [6, 6], [7, 7], [8, 8], [9, 10]]
[[0, 0], [1, 1], [2, 2], [3, 3], [4, 4], [5, 5], [6, 6], [7, 7], [8, 8], [9, 10]]
[[0, 0], [1, 1], [2, 2], [3, 3], [4, 4], [5, 5], [6, 6], [7, 7], [8, 8], [9, 10]]
[[0, 0], [1, 1], [2, 2], [3, 3], [4, 4], [5, 5], [6, 6], [7, 7], [8, 8], [9, 10]]
[[0, 0], [1, 1], [2, 2], [3, 3], [4, 4], [5, 5], [6, 6], [7, 7], [8, 8], [9, 10]]
[[0, 0], [1, 1], [2, 2], [3, 3], [4, 4], [5, 5], [6, 6], [7, 7], [8, 8], [9, 10]]
[[0, 0], [1, 1], [2, 2], [3, 3], [4, 4], [5, 5], [6, 6], [7, 7], [8, 8], [9, 10]]
[[0, 0], [1, 1], [2, 2], [3, 3], [4, 4], [5, 5], [6, 6], [7, 7], [8, 8], [9, 10]]
[[0, 0], [1, 1], [2, 2], [3, 3], [4, 4], [5, 5], [6, 6], [7, 7], [8, 8], [9, 10]]
[[0, 0], [1, 1], [2, 2], [3, 3], [4, 4], [5, 5], [6, 6], [7, 7], [8, 8], [9, 10]]
[[0, 0], [1, 1], [2, 2], [3, 3], [4, 4], [5, 5], [6, 6], [7, 7], [8, 8], [9, 10]]
[[0, 0], [1, 1], [2, 2], [3, 3], [4, 4], [5, 5], [6, 6], [7, 7], [8, 8], [9, 10]]
[[0, 0], [1, 1], [2, 2], [3, 3], [4, 4], [5, 5], [6, 6], [7, 7], [8, 8], [9, 10]]
[[0, 0], [1, 1], [2, 2], [3, 3], [4, 4], [5, 5], [6, 6], [7, 7], [8, 8], [9, 10]]
[[0, 0], [1, 1], [2, 2], [3, 3], [4, 4], [5, 5], [6, 6], [7, 7], [8, 8], [9, 10]]
[[0, 0], [1, 1], [2, 2], [3, 3], [4, 4], [5, 5], [6, 6], [7, 7], [8, 8], [9, 10]]
[[0, 0], [1, 1], [2, 2], [3, 3], [4, 4], [5, 5], [6, 6], [7, 7], [8, 8], [9, 10]]
]
Max value: 1000
====================
入札者数: 100
財の個数: 10
傾き:
[
[87, 85, 39, 68, 58]
[40, 45, 76, 84, 47]
[69, 21, 12, 19, 59]
[82, 32, 88, 83, 27]
[29, 12, 34, 61, 92]
[19, 97, 19, 36, 95]
[74, 91, 16, 19, 68]
[40, 69, 31, 76, 37]
[78, 37, 14, 56, 79]
[97, 59, 49, 97, 93]
[59, 36, 40, 74, 53]
[93, 33, 63, 71, 60]
[33, 98, 70, 95, 62]
[52, 19, 91, 63, 28]
[80, 23, 48, 47, 32]
[63, 47, 66, 79, 40]
[48, 72, 68, 64, 32]
[93, 80, 78, 17, 98]
[72, 86, 51, 85, 97]
[57, 91, 87, 42, 31]
[100, 70, 92, 22, 72]
[92, 38, 80, 51, 18]
[93, 100, 61, 87, 77]
[67, 29, 66, 86, 81]
[96, 48, 30, 57, 52]
[16, 57, 46, 31, 93]
[26, 87, 34, 71, 13]
[40, 17, 55, 51, 40]
[66, 25, 71, 19, 90]
[68, 61, 28, 87, 40]
[93, 47, 10, 64, 11]
[28, 55, 97, 37, 17]
[13, 51, 87, 11, 97]
[53, 10, 67, 97, 36]
[39, 38, 16, 51, 40]
[90, 69, 97, 39, 63]
[68, 73, 48, 99, 15]
[28, 34, 43, 11, 44]
[39, 20, 90, 66, 19]
[75, 41, 10, 49, 92]
[31, 69, 67, 74, 10]
[60, 89, 69, 14, 72]
[45, 93, 52, 78, 70]
[10, 22, 64, 63, 32]
[64, 49, 53, 58, 51]
[12, 46, 50, 83, 48]
[70, 83, 75, 85, 72]
[56, 29, 70, 72, 15]
[62, 58, 83, 23, 70]
[62, 90, 37, 49, 29]
[24, 52, 23, 66, 69]
[35, 83, 63, 69, 71]
[61, 46, 82, 99, 44]
[46, 55, 42, 71, 92]
[87, 79, 39, 25, 43]
[97, 32, 24, 19, 37]
[60, 46, 31, 68, 48]
[62, 34, 55, 99, 74]
[29, 97, 61, 10, 74]
[81, 51, 76, 65, 89]
[66, 42, 31, 93, 24]
[60, 42, 75, 55, 49]
[94, 46, 72, 16, 93]
[54, 20, 100, 61, 38]
[30, 81, 24, 27, 56]
[75, 50, 87, 39, 59]
[78, 97, 35, 95, 34]
[82, 65, 78, 73, 67]
[13, 20, 84, 76, 27]
[25, 15, 59, 94, 41]
[27, 85, 57, 62, 16]
[56, 56, 81, 98, 45]
[87, 65, 89, 78, 43]
[10, 29, 97, 57, 100]
[11, 38, 61, 54, 82]
[73, 13, 16, 57, 94]
[42, 71, 76, 49, 29]
[61, 50, 90, 15, 24]
[55, 82, 67, 39, 44]
[74, 70, 98, 33, 97]
[71, 97, 25, 33, 72]
[95, 68, 87, 11, 15]
[38, 36, 81, 97, 74]
[64, 60, 43, 69, 37]
[65, 64, 38, 43, 53]
[57, 92, 70, 45, 34]
[43, 39, 18, 73, 58]
[46, 20, 64, 60, 42]
[87, 81, 13, 52, 55]
[47, 98, 60, 78, 17]
[85, 88, 84, 13, 30]
[76, 73, 34, 100, 84]
[89, 20, 47, 70, 80]
[66, 21, 98, 33, 71]
[62, 32, 86, 69, 76]
[92, 91, 100, 91, 73]
[47, 86, 30, 11, 18]
[71, 62, 11, 30, 77]
[19, 47, 74, 43, 37]
[90, 57, 75, 37, 94]
]
需要区間:
[
[[0, 1], [2, 3], [4, 5], [6, 7], [8, 10]]
[[0, 1], [2, 3], [4, 5], [6, 7], [8, 10]]
[[0, 1], [2, 3], [4, 5], [6, 7], [8, 10]]
[[0, 1], [2, 3], [4, 5], [6, 7], [8, 10]]
[[0, 1], [2, 3], [4, 5], [6, 7], [8, 10]]
[[0, 1], [2, 3], [4, 5], [6, 7], [8, 10]]
[[0, 1], [2, 3], [4, 5], [6, 7], [8, 10]]
[[0, 1], [2, 3], [4, 5], [6, 7], [8, 10]]
[[0, 1], [2, 3], [4, 5], [6, 7], [8, 10]]
[[0, 1], [2, 3], [4, 5], [6, 7], [8, 10]]
[[0, 1], [2, 3], [4, 5], [6, 7], [8, 10]]
[[0, 1], [2, 3], [4, 5], [6, 7], [8, 10]]
[[0, 1], [2, 3], [4, 5], [6, 7], [8, 10]]
[[0, 1], [2, 3], [4, 5], [6, 7], [8, 10]]
[[0, 1], [2, 3], [4, 5], [6, 7], [8, 10]]
[[0, 1], [2, 3], [4, 5], [6, 7], [8, 10]]
[[0, 1], [2, 3], [4, 5], [6, 7], [8, 10]]
[[0, 1], [2, 3], [4, 5], [6, 7], [8, 10]]
[[0, 1], [2, 3], [4, 5], [6, 7], [8, 10]]
[[0, 1], [2, 3], [4, 5], [6, 7], [8, 10]]
[[0, 1], [2, 3], [4, 5], [6, 7], [8, 10]]
[[0, 1], [2, 3], [4, 5], [6, 7], [8, 10]]
[[0, 1], [2, 3], [4, 5], [6, 7], [8, 10]]
[[0, 1], [2, 3], [4, 5], [6, 7], [8, 10]]
[[0, 1], [2, 3], [4, 5], [6, 7], [8, 10]]
[[0, 1], [2, 3], [4, 5], [6, 7], [8, 10]]
[[0, 1], [2, 3], [4, 5], [6, 7], [8, 10]]
[[0, 1], [2, 3], [4, 5], [6, 7], [8, 10]]
[[0, 1], [2, 3], [4, 5], [6, 7], [8, 10]]
[[0, 1], [2, 3], [4, 5], [6, 7], [8, 10]]
[[0, 1], [2, 3], [4, 5], [6, 7], [8, 10]]
[[0, 1], [2, 3], [4, 5], [6, 7], [8, 10]]
[[0, 1], [2, 3], [4, 5], [6, 7], [8, 10]]
[[0, 1], [2, 3], [4, 5], [6, 7], [8, 10]]
[[0, 1], [2, 3], [4, 5], [6, 7], [8, 10]]
[[0, 1], [2, 3], [4, 5], [6, 7], [8, 10]]
[[0, 1], [2, 3], [4, 5], [6, 7], [8, 10]]
[[0, 1], [2, 3], [4, 5], [6, 7], [8, 10]]
[[0, 1], [2, 3], [4, 5], [6, 7], [8, 10]]
[[0, 1], [2, 3], [4, 5], [6, 7], [8, 10]]
[[0, 1], [2, 3], [4, 5], [6, 7], [8, 10]]
[[0, 1], [2, 3], [4, 5], [6, 7], [8, 10]]
[[0, 1], [2, 3], [4, 5], [6, 7], [8, 10]]
[[0, 1], [2, 3], [4, 5], [6, 7], [8, 10]]
[[0, 1], [2, 3], [4, 5], [6, 7], [8, 10]]
[[0, 1], [2, 3], [4, 5], [6, 7], [8, 10]]
[[0, 1], [2, 3], [4, 5], [6, 7], [8, 10]]
[[0, 1], [2, 3], [4, 5], [6, 7], [8, 10]]
[[0, 1], [2, 3], [4, 5], [6, 7], [8, 10]]
[[0, 1], [2, 3], [4, 5], [6, 7], [8, 10]]
[[0, 1], [2, 3], [4, 5], [6, 7], [8, 10]]
[[0, 1], [2, 3], [4, 5], [6, 7], [8, 10]]
[[0, 1], [2, 3], [4, 5], [6, 7], [8, 10]]
[[0, 1], [2, 3], [4, 5], [6, 7], [8, 10]]
[[0, 1], [2, 3], [4, 5], [6, 7], [8, 10]]
[[0, 1], [2, 3], [4, 5], [6, 7], [8, 10]]
[[0, 1], [2, 3], [4, 5], [6, 7], [8, 10]]
[[0, 1], [2, 3], [4, 5], [6, 7], [8, 10]]
[[0, 1], [2, 3], [4, 5], [6, 7], [8, 10]]
[[0, 1], [2, 3], [4, 5], [6, 7], [8, 10]]
[[0, 1], [2, 3], [4, 5], [6, 7], [8, 10]]
[[0, 1], [2, 3], [4, 5], [6, 7], [8, 10]]
[[0, 1], [2, 3], [4, 5], [6, 7], [8, 10]]
[[0, 1], [2, 3], [4, 5], [6, 7], [8, 10]]
[[0, 1], [2, 3], [4, 5], [6, 7], [8, 10]]
[[0, 1], [2, 3], [4, 5], [6, 7], [8, 10]]
[[0, 1], [2, 3], [4, 5], [6, 7], [8, 10]]
[[0, 1], [2, 3], [4, 5], [6, 7], [8, 10]]
[[0, 1], [2, 3], [4, 5], [6, 7], [8, 10]]
[[0, 1], [2, 3], [4, 5], [6, 7], [8, 10]]
[[0, 1], [2, 3], [4, 5], [6, 7], [8, 10]]
[[0, 1], [2, 3], [4, 5], [6, 7], [8, 10]]
[[0, 1], [2, 3], [4, 5], [6, 7], [8, 10]]
[[0, 1], [2, 3], [4, 5], [6, 7], [8, 10]]
[[0, 1], [2, 3], [4, 5], [6, 7], [8, 10]]
[[0, 1], [2, 3], [4, 5], [6, 7], [8, 10]]
[[0, 1], [2, 3], [4, 5], [6, 7], [8, 10]]
[[0, 1], [2, 3], [4, 5], [6, 7], [8, 10]]
[[0, 1], [2, 3], [4, 5], [6, 7], [8, 10]]
[[0, 1], [2, 3], [4, 5], [6, 7], [8, 10]]
[[0, 1], [2, 3], [4, 5], [6, 7], [8, 10]]
[[0, 1], [2, 3], [4, 5], [6, 7], [8, 10]]
[[0, 1], [2, 3], [4, 5], [6, 7], [8, 10]]
[[0, 1], [2, 3], [4, 5], [6, 7], [8, 10]]
[[0, 1], [2, 3], [4, 5], [6, 7], [8, 10]]
[[0, 1], [2, 3], [4, 5], [6, 7], [8, 10]]
[[0, 1], [2, 3], [4, 5], [6, 7], [8, 10]]
[[0, 1], [2, 3], [4, 5], [6, 7], [8, 10]]
[[0, 1], [2, 3], [4, 5], [6, 7], [8, 10]]
[[0, 1], [2, 3], [4, 5], [6, 7], [8, 10]]
[[0, 1], [2, 3], [4, 5], [6, 7], [8, 10]]
[[0, 1], [2, 3], [4, 5], [6, 7], [8, 10]]
[[0, 1], [2, 3], [4, 5], [6, 7], [8, 10]]
[[0, 1], [2, 3], [4, 5], [6, 7], [8, 10]]
[[0, 1], [2, 3], [4, 5], [6, 7], [8, 10]]
[[0, 1], [2, 3], [4, 5], [6, 7], [8, 10]]
[[0, 1], [2, 3], [4, 5], [6, 7], [8, 10]]
[[0, 1], [2, 3], [4, 5], [6, 7], [8, 10]]
[[0, 1], [2, 3], [4, 5], [6, 7], [8, 10]]
[[0, 1], [2, 3], [4, 5], [6, 7], [8, 10]]
]
Max value: 1000
====================
入札者数: 100
財の個数: 10
傾き:
[
[99, 84, 13, 78, 64, 50, 79]
[97, 75, 79, 92, 28, 39, 43]
[65, 33, 44, 70, 31, 81, 68]
[98, 62, 38, 43, 56, 55, 11]
[73, 80, 19, 57, 86, 30, 95]
[50, 74, 25, 30, 18, 64, 85]
[65, 39, 81, 40, 96, 39, 16]
[48, 85, 73, 77, 31, 72, 40]
[52, 57, 82, 78, 89, 86, 35]
[39, 72, 77, 29, 81, 60, 10]
[43, 36, 87, 40, 12, 81, 47]
[25, 95, 92, 90, 66, 53, 72]
[35, 18, 66, 66, 69, 66, 48]
[29, 80, 88, 51, 86, 22, 11]
[71, 70, 78, 75, 41, 58, 33]
[85, 37, 84, 13, 93, 49, 66]
[23, 44, 71, 99, 58, 51, 17]
[21, 72, 91, 71, 13, 29, 93]
[99, 68, 28, 26, 93, 36, 96]
[97, 65, 52, 49, 84, 18, 79]
[31, 72, 35, 32, 72, 58, 46]
[61, 52, 46, 17, 71, 30, 57]
[64, 76, 89, 85, 100, 87, 72]
[33, 30, 53, 50, 14, 82, 77]
[37, 92, 83, 100, 85, 37, 76]
[70, 14, 91, 93, 72, 67, 21]
[51, 64, 31, 42, 85, 88, 11]
[14, 67, 19, 37, 97, 72, 81]
[35, 52, 69, 16, 56, 28, 36]
[14, 64, 87, 55, 46, 50, 54]
[20, 40, 19, 33, 86, 97, 31]
[43, 31, 45, 26, 40, 22, 26]
[52, 92, 63, 90, 89, 76, 84]
[100, 22, 100, 90, 71, 21, 81]
[49, 87, 92, 59, 46, 34, 54]
[31, 59, 42, 74, 70, 94, 40]
[52, 38, 55, 35, 57, 71, 74]
[46, 12, 59, 48, 40, 61, 62]
[58, 27, 69, 34, 15, 63, 98]
[45, 13, 58, 70, 11, 54, 71]
[29, 38, 21, 58, 73, 92, 68]
[33, 33, 96, 84, 46, 94, 69]
[72, 47, 92, 31, 60, 98, 19]
[59, 58, 42, 68, 20, 77, 25]
[29, 67, 64, 10, 73, 61, 36]
[40, 87, 47, 73, 81, 39, 57]
[22, 14, 44, 72, 13, 23, 12]
[54, 78, 22, 10, 25, 98, 68]
[99, 34, 94, 23, 59, 12, 55]
[13, 50, 22, 75, 56, 69, 35]
[43, 39, 76, 66, 52, 68, 60]
[67, 54, 80, 81, 87, 57, 43]
[59, 19, 52, 51, 92, 61, 56]
[61, 55, 88, 19, 64, 56, 62]
[54, 62, 76, 71, 23, 31, 37]
[18, 39, 24, 23, 34, 56, 14]
[29, 55, 41, 98, 67, 26, 78]
[50, 68, 97, 87, 62, 23, 38]
[98, 83, 75, 45, 97, 20, 49]
[98, 32, 81, 15, 89, 32, 83]
[33, 52, 36, 97, 27, 84, 10]
[39, 42, 54, 14, 20, 34, 27]
[76, 38, 80, 96, 66, 85, 54]
[78, 61, 27, 54, 95, 54, 85]
[40, 58, 67, 46, 19, 68, 68]
[97, 48, 82, 52, 49, 98, 15]
[63, 51, 89, 72, 76, 12, 95]
[58, 79, 14, 12, 57, 96, 45]
[33, 43, 72, 77, 39, 52, 60]
[26, 17, 14, 100, 64, 69, 75]
[25, 44, 85, 74, 88, 54, 76]
[12, 23, 73, 74, 96, 77, 33]
[56, 21, 22, 26, 66, 73, 37]
[66, 54, 91, 88, 62, 42, 50]
[54, 52, 72, 60, 15, 21, 77]
[15, 32, 33, 45, 96, 100, 63]
[41, 32, 86, 13, 75, 100, 21]
[79, 93, 85, 92, 50, 97, 71]
[95, 91, 37, 39, 41, 37, 32]
[29, 58, 70, 40, 68, 73, 54]
[38, 47, 21, 57, 61, 49, 54]
[10, 31, 25, 69, 46, 73, 37]
[29, 49, 85, 42, 68, 90, 45]
[47, 65, 85, 85, 21, 29, 47]
[64, 86, 100, 53, 49, 17, 95]
[67, 17, 60, 74, 83, 68, 25]
[49, 50, 29, 61, 67, 68, 88]
[78, 34, 34, 53, 54, 12, 25]
[13, 61, 64, 76, 77, 11, 34]
[59, 56, 29, 36, 32, 80, 90]
[52, 49, 84, 41, 69, 48, 98]
[71, 88, 40, 49, 83, 29, 98]
[29, 53, 67, 96, 27, 44, 62]
[26, 59, 55, 78, 68, 86, 15]
[61, 35, 79, 73, 50, 36, 90]
[81, 19, 60, 95, 13, 68, 88]
[67, 54, 59, 78, 74, 20, 86]
[46, 83, 45, 38, 15, 86, 64]
[89, 89, 37, 40, 45, 58, 91]
[97, 10, 71, 89, 98, 21, 56]
]
需要区間:
[
[[0, 3], [4, 4], [5, 5], [6, 6], [7, 7], [8, 8], [9, 10]]
[[0, 1], [2, 2], [3, 5], [6, 6], [7, 7], [8, 8], [9, 10]]
[[0, 1], [2, 2], [3, 5], [6, 6], [7, 7], [8, 8], [9, 10]]
[[0, 2], [3, 4], [5, 5], [6, 6], [7, 7], [8, 8], [9, 10]]
[[0, 1], [2, 4], [5, 5], [6, 6], [7, 7], [8, 8], [9, 10]]
[[0, 1], [2, 4], [5, 5], [6, 6], [7, 7], [8, 8], [9, 10]]
[[0, 1], [2, 3], [4, 5], [6, 6], [7, 7], [8, 8], [9, 10]]
[[0, 2], [3, 3], [4, 5], [6, 6], [7, 7], [8, 8], [9, 10]]
[[0, 2], [3, 3], [4, 4], [5, 6], [7, 7], [8, 8], [9, 10]]
[[0, 1], [2, 4], [5, 5], [6, 6], [7, 7], [8, 8], [9, 10]]
[[0, 2], [3, 4], [5, 5], [6, 6], [7, 7], [8, 8], [9, 10]]
[[0, 3], [4, 4], [5, 5], [6, 6], [7, 7], [8, 8], [9, 10]]
[[0, 3], [4, 4], [5, 5], [6, 6], [7, 7], [8, 8], [9, 10]]
[[0, 1], [2, 2], [3, 5], [6, 6], [7, 7], [8, 8], [9, 10]]
[[0, 3], [4, 4], [5, 5], [6, 6], [7, 7], [8, 8], [9, 10]]
[[0, 0], [1, 1], [2, 3], [4, 4], [5, 5], [6, 6], [7, 10]]
[[0, 0], [1, 1], [2, 4], [5, 6], [7, 7], [8, 8], [9, 10]]
[[0, 1], [2, 4], [5, 5], [6, 6], [7, 7], [8, 8], [9, 10]]
[[0, 1], [2, 2], [3, 5], [6, 6], [7, 7], [8, 8], [9, 10]]
[[0, 2], [3, 3], [4, 5], [6, 6], [7, 7], [8, 8], [9, 10]]
[[0, 2], [3, 3], [4, 4], [5, 5], [6, 7], [8, 8], [9, 10]]
[[0, 0], [1, 3], [4, 4], [5, 6], [7, 7], [8, 8], [9, 10]]
[[0, 0], [1, 2], [3, 3], [4, 5], [6, 7], [8, 8], [9, 10]]
[[0, 0], [1, 4], [5, 5], [6, 6], [7, 7], [8, 8], [9, 10]]
[[0, 0], [1, 3], [4, 4], [5, 5], [6, 6], [7, 8], [9, 10]]
[[0, 2], [3, 4], [5, 5], [6, 6], [7, 7], [8, 8], [9, 10]]
[[0, 2], [3, 3], [4, 4], [5, 5], [6, 6], [7, 7], [8, 10]]
[[0, 0], [1, 1], [2, 4], [5, 5], [6, 7], [8, 8], [9, 10]]
[[0, 2], [3, 3], [4, 5], [6, 6], [7, 7], [8, 8], [9, 10]]
[[0, 0], [1, 3], [4, 5], [6, 6], [7, 7], [8, 8], [9, 10]]
[[0, 3], [4, 4], [5, 5], [6, 6], [7, 7], [8, 8], [9, 10]]
[[0, 1], [2, 3], [4, 4], [5, 5], [6, 6], [7, 8], [9, 10]]
[[0, 3], [4, 4], [5, 5], [6, 6], [7, 7], [8, 8], [9, 10]]
[[0, 3], [4, 4], [5, 5], [6, 6], [7, 7], [8, 8], [9, 10]]
[[0, 3], [4, 4], [5, 5], [6, 6], [7, 7], [8, 8], [9, 10]]
[[0, 3], [4, 4], [5, 5], [6, 6], [7, 7], [8, 8], [9, 10]]
[[0, 1], [2, 3], [4, 4], [5, 5], [6, 6], [7, 8], [9, 10]]
[[0, 3], [4, 4], [5, 5], [6, 6], [7, 7], [8, 8], [9, 10]]
[[0, 1], [2, 3], [4, 5], [6, 6], [7, 7], [8, 8], [9, 10]]
[[0, 2], [3, 4], [5, 5], [6, 6], [7, 7], [8, 8], [9, 10]]
[[0, 2], [3, 4], [5, 5], [6, 6], [7, 7], [8, 8], [9, 10]]
[[0, 3], [4, 4], [5, 5], [6, 6], [7, 7], [8, 8], [9, 10]]
[[0, 3], [4, 4], [5, 5], [6, 6], [7, 7], [8, 8], [9, 10]]
[[0, 0], [1, 1], [2, 4], [5, 5], [6, 6], [7, 7], [8, 10]]
[[0, 3], [4, 4], [5, 5], [6, 6], [7, 7], [8, 8], [9, 10]]
[[0, 3], [4, 4], [5, 5], [6, 6], [7, 7], [8, 8], [9, 10]]
[[0, 3], [4, 4], [5, 5], [6, 6], [7, 7], [8, 8], [9, 10]]
[[0, 3], [4, 4], [5, 5], [6, 6], [7, 7], [8, 8], [9, 10]]
[[0, 2], [3, 3], [4, 4], [5, 6], [7, 7], [8, 8], [9, 10]]
[[0, 3], [4, 4], [5, 5], [6, 6], [7, 7], [8, 8], [9, 10]]
[[0, 1], [2, 2], [3, 4], [5, 5], [6, 6], [7, 8], [9, 10]]
[[0, 2], [3, 4], [5, 5], [6, 6], [7, 7], [8, 8], [9, 10]]
[[0, 1], [2, 4], [5, 5], [6, 6], [7, 7], [8, 8], [9, 10]]
[[0, 2], [3, 3], [4, 5], [6, 6], [7, 7], [8, 8], [9, 10]]
[[0, 1], [2, 2], [3, 4], [5, 5], [6, 6], [7, 8], [9, 10]]
[[0, 1], [2, 2], [3, 5], [6, 6], [7, 7], [8, 8], [9, 10]]
[[0, 3], [4, 4], [5, 5], [6, 6], [7, 7], [8, 8], [9, 10]]
[[0, 0], [1, 4], [5, 5], [6, 6], [7, 7], [8, 8], [9, 10]]
[[0, 0], [1, 1], [2, 2], [3, 4], [5, 6], [7, 8], [9, 10]]
[[0, 2], [3, 4], [5, 5], [6, 6], [7, 7], [8, 8], [9, 10]]
[[0, 1], [2, 4], [5, 5], [6, 6], [7, 7], [8, 8], [9, 10]]
[[0, 3], [4, 4], [5, 5], [6, 6], [7, 7], [8, 8], [9, 10]]
[[0, 1], [2, 4], [5, 5], [6, 6], [7, 7], [8, 8], [9, 10]]
[[0, 3], [4, 4], [5, 5], [6, 6], [7, 7], [8, 8], [9, 10]]
[[0, 1], [2, 3], [4, 5], [6, 6], [7, 7], [8, 8], [9, 10]]
[[0, 0], [1, 2], [3, 5], [6, 6], [7, 7], [8, 8], [9, 10]]
[[0, 3], [4, 4], [5, 5], [6, 6], [7, 7], [8, 8], [9, 10]]
[[0, 1], [2, 4], [5, 5], [6, 6], [7, 7], [8, 8], [9, 10]]
[[0, 0], [1, 1], [2, 3], [4, 6], [7, 7], [8, 8], [9, 10]]
[[0, 3], [4, 4], [5, 5], [6, 6], [7, 7], [8, 8], [9, 10]]
[[0, 0], [1, 3], [4, 5], [6, 6], [7, 7], [8, 8], [9, 10]]
[[0, 1], [2, 3], [4, 5], [6, 6], [7, 7], [8, 8], [9, 10]]
[[0, 2], [3, 4], [5, 5], [6, 6], [7, 7], [8, 8], [9, 10]]
[[0, 0], [1, 4], [5, 5], [6, 6], [7, 7], [8, 8], [9, 10]]
[[0, 0], [1, 2], [3, 3], [4, 6], [7, 7], [8, 8], [9, 10]]
[[0, 3], [4, 4], [5, 5], [6, 6], [7, 7], [8, 8], [9, 10]]
[[0, 3], [4, 4], [5, 5], [6, 6], [7, 7], [8, 8], [9, 10]]
[[0, 2], [3, 3], [4, 5], [6, 6], [7, 7], [8, 8], [9, 10]]
[[0, 1], [2, 2], [3, 4], [5, 5], [6, 6], [7, 8], [9, 10]]
[[0, 2], [3, 3], [4, 4], [5, 6], [7, 7], [8, 8], [9, 10]]
[[0, 0], [1, 2], [3, 5], [6, 6], [7, 7], [8, 8], [9, 10]]
[[0, 3], [4, 4], [5, 5], [6, 6], [7, 7], [8, 8], [9, 10]]
[[0, 1], [2, 4], [5, 5], [6, 6], [7, 7], [8, 8], [9, 10]]
[[0, 0], [1, 2], [3, 4], [5, 5], [6, 6], [7, 7], [8, 10]]
[[0, 1], [2, 2], [3, 4], [5, 6], [7, 7], [8, 8], [9, 10]]
[[0, 1], [2, 3], [4, 5], [6, 6], [7, 7], [8, 8], [9, 10]]
[[0, 2], [3, 4], [5, 5], [6, 6], [7, 7], [8, 8], [9, 10]]
[[0, 0], [1, 1], [2, 5], [6, 6], [7, 7], [8, 8], [9, 10]]
[[0, 1], [2, 4], [5, 5], [6, 6], [7, 7], [8, 8], [9, 10]]
[[0, 1], [2, 4], [5, 5], [6, 6], [7, 7], [8, 8], [9, 10]]
[[0, 1], [2, 2], [3, 3], [4, 6], [7, 7], [8, 8], [9, 10]]
[[0, 2], [3, 4], [5, 5], [6, 6], [7, 7], [8, 8], [9, 10]]
[[0, 1], [2, 2], [3, 4], [5, 6], [7, 7], [8, 8], [9, 10]]
[[0, 1], [2, 4], [5, 5], [6, 6], [7, 7], [8, 8], [9, 10]]
[[0, 1], [2, 2], [3, 4], [5, 5], [6, 7], [8, 8], [9, 10]]
[[0, 3], [4, 4], [5, 5], [6, 6], [7, 7], [8, 8], [9, 10]]
[[0, 0], [1, 1], [2, 5], [6, 6], [7, 7], [8, 8], [9, 10]]
[[0, 2], [3, 4], [5, 5], [6, 6], [7, 7], [8, 8], [9, 10]]
[[0, 1], [2, 4], [5, 5], [6, 6], [7, 7], [8, 8], [9, 10]]
[[0, 3], [4, 4], [5, 5], [6, 6], [7, 7], [8, 8], [9, 10]]
]
Max value: 1000
====================
入札者数: 100
財の個数: 10
傾き:
[
[92, 94, 50, 42, 74, 25, 33, 48, 78]
[77, 49, 95, 53, 53, 30, 46, 95, 87]
[90, 100, 20, 45, 74, 36, 52, 57, 33]
[40, 78, 52, 10, 83, 59, 50, 67, 80]
[83, 54, 96, 65, 96, 77, 95, 55, 13]
[57, 56, 10, 24, 95, 12, 40, 95, 94]
[28, 41, 56, 57, 14, 90, 100, 85, 22]
[89, 60, 12, 94, 69, 18, 79, 62, 87]
[63, 50, 27, 11, 14, 11, 70, 51, 53]
[89, 15, 20, 98, 44, 46, 18, 27, 10]
[36, 25, 41, 57, 94, 21, 30, 14, 65]
[18, 81, 48, 39, 50, 75, 59, 91, 57]
[57, 44, 89, 18, 56, 62, 46, 65, 52]
[81, 36, 57, 47, 75, 97, 20, 11, 87]
[88, 97, 56, 74, 69, 88, 56, 56, 71]
[55, 73, 99, 94, 63, 23, 38, 74, 15]
[88, 25, 96, 53, 67, 25, 42, 12, 21]
[37, 18, 49, 16, 40, 40, 41, 32, 55]
[86, 49, 84, 46, 87, 24, 34, 54, 43]
[24, 87, 30, 67, 69, 19, 94, 70, 19]
[76, 24, 76, 33, 32, 81, 24, 69, 97]
[97, 63, 24, 57, 85, 59, 97, 75, 62]
[20, 21, 28, 94, 74, 82, 32, 48, 61]
[83, 63, 92, 14, 77, 47, 23, 18, 68]
[31, 53, 42, 50, 10, 23, 74, 67, 77]
[30, 65, 93, 85, 82, 21, 61, 23, 72]
[64, 57, 86, 84, 71, 27, 68, 87, 73]
[50, 95, 32, 52, 85, 26, 25, 93, 28]
[96, 67, 44, 20, 40, 87, 87, 100, 67]
[99, 93, 77, 83, 98, 19, 100, 95, 52]
[76, 27, 39, 72, 41, 66, 14, 77, 27]
[88, 87, 23, 72, 25, 83, 78, 76, 42]
[93, 12, 14, 49, 17, 86, 97, 63, 93]
[29, 74, 92, 90, 87, 54, 72, 37, 27]
[64, 56, 35, 42, 93, 15, 27, 39, 53]
[28, 29, 79, 15, 71, 14, 32, 60, 20]
[18, 24, 87, 72, 61, 72, 27, 34, 59]
[78, 83, 71, 62, 17, 47, 74, 86, 60]
[63, 78, 16, 36, 95, 87, 75, 88, 94]
[48, 89, 14, 90, 100, 35, 35, 42, 92]
[44, 30, 50, 35, 27, 23, 61, 88, 56]
[72, 13, 31, 79, 50, 14, 82, 40, 24]
[75, 38, 30, 31, 98, 62, 10, 18, 28]
[78, 90, 84, 59, 18, 54, 12, 50, 100]
[84, 21, 52, 19, 39, 60, 54, 78, 21]
[57, 37, 76, 45, 40, 99, 56, 40, 68]
[10, 47, 98, 93, 43, 74, 84, 10, 48]
[26, 85, 97, 38, 90, 48, 45, 18, 100]
[15, 36, 31, 45, 61, 52, 80, 91, 80]
[84, 84, 88, 20, 79, 66, 53, 36, 13]
[69, 70, 21, 98, 32, 19, 61, 61, 35]
[41, 68, 43, 78, 64, 21, 98, 99, 45]
[87, 31, 33, 45, 23, 87, 35, 62, 32]
[53, 18, 54, 43, 12, 80, 17, 92, 91]
[86, 80, 39, 81, 29, 98, 91, 58, 51]
[87, 16, 93, 41, 80, 97, 22, 30, 34]
[55, 28, 15, 91, 46, 91, 90, 11, 98]
[93, 43, 47, 81, 59, 99, 48, 21, 81]
[46, 10, 50, 23, 75, 64, 21, 66, 96]
[32, 71, 73, 92, 35, 76, 11, 15, 96]
[27, 37, 37, 21, 62, 26, 74, 96, 11]
[97, 29, 95, 19, 84, 35, 34, 20, 65]
[23, 37, 39, 69, 16, 13, 29, 95, 40]
[71, 53, 60, 79, 42, 38, 14, 57, 100]
[17, 33, 52, 99, 40, 58, 28, 28, 51]
[77, 99, 91, 13, 99, 77, 38, 12, 34]
[17, 97, 35, 73, 34, 51, 96, 61, 62]
[77, 86, 43, 79, 88, 55, 39, 13, 31]
[59, 30, 20, 75, 31, 52, 96, 21, 60]
[44, 44, 77, 11, 21, 23, 81, 42, 36]
[27, 50, 79, 83, 39, 87, 20, 36, 25]
[29, 97, 97, 82, 70, 23, 95, 45, 53]
[44, 89, 79, 16, 94, 39, 45, 37, 22]
[94, 10, 37, 72, 26, 59, 52, 92, 11]
[16, 24, 95, 96, 83, 32, 62, 73, 55]
[76, 16, 86, 86, 91, 35, 83, 17, 53]
[23, 77, 91, 50, 22, 89, 45, 79, 43]
[45, 64, 10, 32, 19, 34, 39, 13, 56]
[71, 37, 33, 19, 16, 16, 26, 29, 15]
[96, 83, 70, 73, 70, 66, 74, 86, 31]
[94, 24, 71, 25, 85, 42, 78, 93, 100]
[44, 75, 19, 24, 100, 44, 42, 49, 43]
[89, 62, 34, 47, 85, 51, 90, 73, 29]
[23, 48, 26, 74, 44, 78, 93, 45, 69]
[64, 99, 17, 33, 94, 97, 35, 82, 53]
[57, 13, 78, 25, 26, 89, 59, 47, 42]
[75, 84, 12, 88, 75, 81, 84, 38, 60]
[74, 86, 42, 85, 16, 72, 57, 61, 19]
[85, 61, 40, 74, 74, 21, 86, 99, 49]
[70, 96, 77, 11, 78, 75, 33, 87, 58]
[14, 85, 43, 39, 36, 33, 81, 28, 16]
[93, 46, 41, 13, 59, 85, 35, 44, 48]
[56, 35, 12, 90, 53, 61, 56, 56, 73]
[21, 93, 37, 74, 20, 41, 14, 42, 89]
[12, 97, 82, 42, 64, 46, 73, 55, 95]
[19, 46, 34, 86, 16, 34, 73, 77, 12]
[58, 95, 18, 16, 86, 93, 10, 15, 21]
[74, 51, 11, 83, 15, 12, 74, 16, 41]
[70, 17, 66, 73, 96, 97, 85, 23, 97]
[20, 97, 63, 93, 44, 60, 51, 15, 95]
]
需要区間:
[
[[0, 0], [1, 2], [3, 3], [4, 4], [5, 5], [6, 6], [7, 7], [8, 8], [9, 10]]
[[0, 0], [1, 2], [3, 3], [4, 4], [5, 5], [6, 6], [7, 7], [8, 8], [9, 10]]
[[0, 0], [1, 2], [3, 3], [4, 4], [5, 5], [6, 6], [7, 7], [8, 8], [9, 10]]
[[0, 1], [2, 2], [3, 3], [4, 4], [5, 5], [6, 6], [7, 7], [8, 8], [9, 10]]
[[0, 0], [1, 2], [3, 3], [4, 4], [5, 5], [6, 6], [7, 7], [8, 8], [9, 10]]
[[0, 0], [1, 2], [3, 3], [4, 4], [5, 5], [6, 6], [7, 7], [8, 8], [9, 10]]
[[0, 1], [2, 2], [3, 3], [4, 4], [5, 5], [6, 6], [7, 7], [8, 8], [9, 10]]
[[0, 0], [1, 2], [3, 3], [4, 4], [5, 5], [6, 6], [7, 7], [8, 8], [9, 10]]
[[0, 1], [2, 2], [3, 3], [4, 4], [5, 5], [6, 6], [7, 7], [8, 8], [9, 10]]
[[0, 1], [2, 2], [3, 3], [4, 4], [5, 5], [6, 6], [7, 7], [8, 8], [9, 10]]
[[0, 1], [2, 2], [3, 3], [4, 4], [5, 5], [6, 6], [7, 7], [8, 8], [9, 10]]
[[0, 1], [2, 2], [3, 3], [4, 4], [5, 5], [6, 6], [7, 7], [8, 8], [9, 10]]
[[0, 0], [1, 2], [3, 3], [4, 4], [5, 5], [6, 6], [7, 7], [8, 8], [9, 10]]
[[0, 0], [1, 2], [3, 3], [4, 4], [5, 5], [6, 6], [7, 7], [8, 8], [9, 10]]
[[0, 0], [1, 2], [3, 3], [4, 4], [5, 5], [6, 6], [7, 7], [8, 8], [9, 10]]
[[0, 0], [1, 1], [2, 2], [3, 4], [5, 5], [6, 6], [7, 7], [8, 8], [9, 10]]
[[0, 0], [1, 1], [2, 3], [4, 4], [5, 5], [6, 6], [7, 7], [8, 8], [9, 10]]
[[0, 1], [2, 2], [3, 3], [4, 4], [5, 5], [6, 6], [7, 7], [8, 8], [9, 10]]
[[0, 0], [1, 1], [2, 3], [4, 4], [5, 5], [6, 6], [7, 7], [8, 8], [9, 10]]
[[0, 1], [2, 2], [3, 3], [4, 4], [5, 5], [6, 6], [7, 7], [8, 8], [9, 10]]
[[0, 0], [1, 2], [3, 3], [4, 4], [5, 5], [6, 6], [7, 7], [8, 8], [9, 10]]
[[0, 0], [1, 2], [3, 3], [4, 4], [5, 5], [6, 6], [7, 7], [8, 8], [9, 10]]
[[0, 1], [2, 2], [3, 3], [4, 4], [5, 5], [6, 6], [7, 7], [8, 8], [9, 10]]
[[0, 0], [1, 2], [3, 3], [4, 4], [5, 5], [6, 6], [7, 7], [8, 8], [9, 10]]
[[0, 0], [1, 2], [3, 3], [4, 4], [5, 5], [6, 6], [7, 7], [8, 8], [9, 10]]
[[0, 1], [2, 2], [3, 3], [4, 4], [5, 5], [6, 6], [7, 7], [8, 8], [9, 10]]
[[0, 1], [2, 2], [3, 3], [4, 4], [5, 5], [6, 6], [7, 7], [8, 8], [9, 10]]
[[0, 1], [2, 2], [3, 3], [4, 4], [5, 5], [6, 6], [7, 7], [8, 8], [9, 10]]
[[0, 0], [1, 2], [3, 3], [4, 4], [5, 5], [6, 6], [7, 7], [8, 8], [9, 10]]
[[0, 0], [1, 2], [3, 3], [4, 4], [5, 5], [6, 6], [7, 7], [8, 8], [9, 10]]
[[0, 1], [2, 2], [3, 3], [4, 4], [5, 5], [6, 6], [7, 7], [8, 8], [9, 10]]
[[0, 1], [2, 2], [3, 3], [4, 4], [5, 5], [6, 6], [7, 7], [8, 8], [9, 10]]
[[0, 0], [1, 1], [2, 2], [3, 4], [5, 5], [6, 6], [7, 7], [8, 8], [9, 10]]
[[0, 0], [1, 1], [2, 2], [3, 3], [4, 4], [5, 5], [6, 7], [8, 8], [9, 10]]
[[0, 1], [2, 2], [3, 3], [4, 4], [5, 5], [6, 6], [7, 7], [8, 8], [9, 10]]
[[0, 1], [2, 2], [3, 3], [4, 4], [5, 5], [6, 6], [7, 7], [8, 8], [9, 10]]
[[0, 0], [1, 1], [2, 2], [3, 4], [5, 5], [6, 6], [7, 7], [8, 8], [9, 10]]
[[0, 0], [1, 1], [2, 2], [3, 3], [4, 5], [6, 6], [7, 7], [8, 8], [9, 10]]
[[0, 0], [1, 1], [2, 2], [3, 3], [4, 5], [6, 6], [7, 7], [8, 8], [9, 10]]
[[0, 1], [2, 2], [3, 3], [4, 4], [5, 5], [6, 6], [7, 7], [8, 8], [9, 10]]
[[0, 1], [2, 2], [3, 3], [4, 4], [5, 5], [6, 6], [7, 7], [8, 8], [9, 10]]
[[0, 1], [2, 2], [3, 3], [4, 4], [5, 5], [6, 6], [7, 7], [8, 8], [9, 10]]
[[0, 0], [1, 2], [3, 3], [4, 4], [5, 5], [6, 6], [7, 7], [8, 8], [9, 10]]
[[0, 1], [2, 2], [3, 3], [4, 4], [5, 5], [6, 6], [7, 7], [8, 8], [9, 10]]
[[0, 0], [1, 2], [3, 3], [4, 4], [5, 5], [6, 6], [7, 7], [8, 8], [9, 10]]
[[0, 0], [1, 1], [2, 2], [3, 3], [4, 5], [6, 6], [7, 7], [8, 8], [9, 10]]
[[0, 1], [2, 2], [3, 3], [4, 4], [5, 5], [6, 6], [7, 7], [8, 8], [9, 10]]
[[0, 0], [1, 1], [2, 2], [3, 4], [5, 5], [6, 6], [7, 7], [8, 8], [9, 10]]
[[0, 0], [1, 2], [3, 3], [4, 4], [5, 5], [6, 6], [7, 7], [8, 8], [9, 10]]
[[0, 1], [2, 2], [3, 3], [4, 4], [5, 5], [6, 6], [7, 7], [8, 8], [9, 10]]
[[0, 0], [1, 2], [3, 3], [4, 4], [5, 5], [6, 6], [7, 7], [8, 8], [9, 10]]
[[0, 0], [1, 2], [3, 3], [4, 4], [5, 5], [6, 6], [7, 7], [8, 8], [9, 10]]
[[0, 1], [2, 2], [3, 3], [4, 4], [5, 5], [6, 6], [7, 7], [8, 8], [9, 10]]
[[0, 1], [2, 2], [3, 3], [4, 4], [5, 5], [6, 6], [7, 7], [8, 8], [9, 10]]
[[0, 1], [2, 2], [3, 3], [4, 4], [5, 5], [6, 6], [7, 7], [8, 8], [9, 10]]
[[0, 1], [2, 2], [3, 3], [4, 4], [5, 5], [6, 6], [7, 7], [8, 8], [9, 10]]
[[0, 1], [2, 2], [3, 3], [4, 4], [5, 5], [6, 6], [7, 7], [8, 8], [9, 10]]
[[0, 1], [2, 2], [3, 3], [4, 4], [5, 5], [6, 6], [7, 7], [8, 8], [9, 10]]
[[0, 0], [1, 1], [2, 3], [4, 4], [5, 5], [6, 6], [7, 7], [8, 8], [9, 10]]
[[0, 1], [2, 2], [3, 3], [4, 4], [5, 5], [6, 6], [7, 7], [8, 8], [9, 10]]
[[0, 0], [1, 1], [2, 3], [4, 4], [5, 5], [6, 6], [7, 7], [8, 8], [9, 10]]
[[0, 1], [2, 2], [3, 3], [4, 4], [5, 5], [6, 6], [7, 7], [8, 8], [9, 10]]
[[0, 0], [1, 1], [2, 2], [3, 3], [4, 4], [5, 6], [7, 7], [8, 8], [9, 10]]
[[0, 1], [2, 2], [3, 3], [4, 4], [5, 5], [6, 6], [7, 7], [8, 8], [9, 10]]
[[0, 1], [2, 2], [3, 3], [4, 4], [5, 5], [6, 6], [7, 7], [8, 8], [9, 10]]
[[0, 1], [2, 2], [3, 3], [4, 4], [5, 5], [6, 6], [7, 7], [8, 8], [9, 10]]
[[0, 0], [1, 2], [3, 3], [4, 4], [5, 5], [6, 6], [7, 7], [8, 8], [9, 10]]
[[0, 0], [1, 2], [3, 3], [4, 4], [5, 5], [6, 6], [7, 7], [8, 8], [9, 10]]
[[0, 1], [2, 2], [3, 3], [4, 4], [5, 5], [6, 6], [7, 7], [8, 8], [9, 10]]
[[0, 0], [1, 2], [3, 3], [4, 4], [5, 5], [6, 6], [7, 7], [8, 8], [9, 10]]
[[0, 1], [2, 2], [3, 3], [4, 4], [5, 5], [6, 6], [7, 7], [8, 8], [9, 10]]
[[0, 1], [2, 2], [3, 3], [4, 4], [5, 5], [6, 6], [7, 7], [8, 8], [9, 10]]
[[0, 1], [2, 2], [3, 3], [4, 4], [5, 5], [6, 6], [7, 7], [8, 8], [9, 10]]
[[0, 0], [1, 2], [3, 3], [4, 4], [5, 5], [6, 6], [7, 7], [8, 8], [9, 10]]
[[0, 1], [2, 2], [3, 3], [4, 4], [5, 5], [6, 6], [7, 7], [8, 8], [9, 10]]
[[0, 1], [2, 2], [3, 3], [4, 4], [5, 5], [6, 6], [7, 7], [8, 8], [9, 10]]
[[0, 1], [2, 2], [3, 3], [4, 4], [5, 5], [6, 6], [7, 7], [8, 8], [9, 10]]
[[0, 1], [2, 2], [3, 3], [4, 4], [5, 5], [6, 6], [7, 7], [8, 8], [9, 10]]
[[0, 1], [2, 2], [3, 3], [4, 4], [5, 5], [6, 6], [7, 7], [8, 8], [9, 10]]
[[0, 0], [1, 2], [3, 3], [4, 4], [5, 5], [6, 6], [7, 7], [8, 8], [9, 10]]
[[0, 0], [1, 1], [2, 3], [4, 4], [5, 5], [6, 6], [7, 7], [8, 8], [9, 10]]
[[0, 0], [1, 2], [3, 3], [4, 4], [5, 5], [6, 6], [7, 7], [8, 8], [9, 10]]
[[0, 1], [2, 2], [3, 3], [4, 4], [5, 5], [6, 6], [7, 7], [8, 8], [9, 10]]
[[0, 0], [1, 2], [3, 3], [4, 4], [5, 5], [6, 6], [7, 7], [8, 8], [9, 10]]
[[0, 1], [2, 2], [3, 3], [4, 4], [5, 5], [6, 6], [7, 7], [8, 8], [9, 10]]
[[0, 0], [1, 2], [3, 3], [4, 4], [5, 5], [6, 6], [7, 7], [8, 8], [9, 10]]
[[0, 1], [2, 2], [3, 3], [4, 4], [5, 5], [6, 6], [7, 7], [8, 8], [9, 10]]
[[0, 0], [1, 2], [3, 3], [4, 4], [5, 5], [6, 6], [7, 7], [8, 8], [9, 10]]
[[0, 0], [1, 1], [2, 3], [4, 4], [5, 5], [6, 6], [7, 7], [8, 8], [9, 10]]
[[0, 1], [2, 2], [3, 3], [4, 4], [5, 5], [6, 6], [7, 7], [8, 8], [9, 10]]
[[0, 1], [2, 2], [3, 3], [4, 4], [5, 5], [6, 6], [7, 7], [8, 8], [9, 10]]
[[0, 1], [2, 2], [3, 3], [4, 4], [5, 5], [6, 6], [7, 7], [8, 8], [9, 10]]
[[0, 1], [2, 2], [3, 3], [4, 4], [5, 5], [6, 6], [7, 7], [8, 8], [9, 10]]
[[0, 0], [1, 2], [3, 3], [4, 4], [5, 5], [6, 6], [7, 7], [8, 8], [9, 10]]
[[0, 0], [1, 1], [2, 3], [4, 4], [5, 5], [6, 6], [7, 7], [8, 8], [9, 10]]
[[0, 1], [2, 2], [3, 3], [4, 4], [5, 5], [6, 6], [7, 7], [8, 8], [9, 10]]
[[0, 1], [2, 2], [3, 3], [4, 4], [5, 5], [6, 6], [7, 7], [8, 8], [9, 10]]
[[0, 1], [2, 2], [3, 3], [4, 4], [5, 5], [6, 6], [7, 7], [8, 8], [9, 10]]
[[0, 1], [2, 2], [3, 3], [4, 4], [5, 5], [6, 6], [7, 7], [8, 8], [9, 10]]
[[0, 0], [1, 2], [3, 3], [4, 4], [5, 5], [6, 6], [7, 7], [8, 8], [9, 10]]
]
Max value: 1000
====================
入札者数: 100
財の個数: 10
傾き:
[
[79, 57, 64, 80, 80, 30, 53, 10, 33]
[100, 90, 58, 55, 97, 12, 82, 70, 59]
[45, 52, 13, 50, 95, 93, 69, 27, 18]
[34, 98, 86, 24, 95, 11, 53, 35, 60]
[79, 54, 59, 54, 18, 25, 62, 69, 39]
[86, 64, 56, 56, 58, 53, 75, 38, 10]
[86, 65, 70, 23, 33, 87, 22, 57, 29]
[88, 21, 64, 97, 82, 81, 80, 34, 14]
[80, 66, 18, 45, 12, 53, 41, 47, 16]
[70, 73, 94, 50, 70, 36, 91, 54, 74]
[41, 40, 98, 64, 14, 75, 86, 54, 63]
[15, 42, 51, 70, 57, 94, 81, 79, 19]
[63, 39, 91, 66, 40, 64, 27, 18, 53]
[92, 79, 78, 63, 62, 12, 59, 93, 24]
[14, 93, 95, 62, 23, 66, 20, 49, 67]
[81, 14, 48, 91, 80, 73, 10, 31, 51]
[49, 29, 58, 41, 19, 100, 78, 78, 67]
[94, 15, 59, 84, 59, 81, 60, 34, 51]
[56, 39, 67, 64, 47, 50, 14, 100, 44]
[26, 54, 71, 36, 84, 32, 92, 48, 97]
[100, 94, 58, 97, 87, 23, 92, 49, 64]
[36, 47, 11, 51, 66, 90, 48, 19, 86]
[84, 18, 10, 24, 83, 25, 48, 51, 94]
[27, 94, 10, 34, 26, 70, 13, 55, 67]
[76, 73, 73, 79, 38, 32, 31, 79, 92]
[24, 23, 34, 96, 36, 29, 65, 15, 30]
[15, 42, 34, 61, 82, 43, 46, 31, 74]
[86, 48, 62, 11, 63, 68, 39, 100, 58]
[62, 34, 21, 65, 23, 24, 92, 59, 97]
[38, 95, 78, 14, 44, 18, 72, 50, 19]
[44, 32, 18, 58, 50, 88, 37, 58, 85]
[81, 62, 11, 73, 66, 50, 67, 89, 90]
[71, 94, 51, 31, 93, 67, 80, 92, 81]
[95, 72, 90, 93, 27, 50, 28, 50, 22]
[68, 85, 13, 42, 100, 80, 49, 77, 98]
[91, 18, 82, 47, 68, 12, 48, 56, 33]
[17, 85, 74, 23, 84, 77, 86, 100, 36]
[58, 19, 78, 63, 10, 81, 55, 47, 90]
[47, 27, 98, 61, 100, 65, 67, 13, 19]
[48, 23, 62, 32, 40, 55, 28, 55, 34]
[65, 70, 30, 62, 32, 50, 92, 78, 50]
[95, 82, 50, 60, 22, 40, 26, 70, 95]
[34, 61, 32, 47, 54, 56, 29, 59, 86]
[64, 82, 37, 31, 51, 63, 92, 19, 39]
[78, 45, 50, 85, 57, 14, 40, 13, 90]
[61, 49, 24, 87, 29, 19, 13, 65, 95]
[41, 99, 85, 63, 70, 21, 95, 65, 65]
[51, 99, 58, 72, 77, 73, 41, 82, 64]
[85, 37, 31, 89, 11, 79, 84, 40, 58]
[33, 84, 19, 27, 84, 62, 43, 72, 25]
[24, 11, 76, 52, 93, 85, 29, 78, 76]
[26, 76, 30, 12, 73, 37, 55, 88, 51]
[58, 84, 61, 26, 49, 14, 49, 27, 32]
[76, 60, 10, 45, 69, 30, 63, 15, 11]
[100, 18, 65, 31, 65, 93, 90, 13, 92]
[76, 88, 28, 82, 46, 22, 86, 71, 72]
[56, 15, 49, 30, 98, 84, 75, 65, 60]
[16, 71, 36, 59, 83, 74, 49, 45, 86]
[34, 65, 87, 86, 28, 97, 100, 50, 58]
[76, 95, 79, 83, 66, 23, 100, 81, 56]
[78, 63, 87, 86, 61, 92, 56, 18, 46]
[53, 31, 96, 89, 57, 73, 31, 71, 32]
[15, 47, 77, 30, 37, 26, 82, 86, 60]
[52, 83, 98, 68, 88, 48, 13, 59, 63]
[60, 49, 41, 32, 86, 56, 70, 39, 87]
[90, 55, 19, 57, 35, 56, 35, 91, 75]
[75, 66, 73, 94, 38, 73, 99, 91, 31]
[99, 48, 100, 68, 42, 58, 40, 54, 74]
[57, 23, 68, 19, 11, 14, 76, 35, 29]
[24, 73, 14, 82, 88, 98, 48, 29, 99]
[26, 15, 95, 23, 72, 94, 14, 100, 69]
[38, 27, 83, 47, 10, 98, 11, 95, 80]
[37, 11, 66, 45, 32, 39, 89, 27, 96]
[98, 83, 84, 77, 36, 75, 31, 30, 11]
[74, 42, 34, 50, 91, 43, 23, 50, 89]
[92, 82, 100, 99, 53, 10, 12, 58, 77]
[21, 29, 54, 10, 27, 60, 45, 32, 22]
[17, 27, 99, 97, 14, 82, 66, 62, 52]
[40, 28, 32, 34, 88, 87, 14, 25, 15]
[83, 44, 86, 30, 58, 37, 58, 79, 20]
[31, 78, 22, 17, 84, 47, 40, 53, 66]
[89, 47, 63, 34, 61, 75, 93, 25, 23]
[28, 63, 33, 87, 26, 76, 76, 57, 65]
[32, 81, 21, 68, 23, 30, 28, 47, 36]
[62, 49, 54, 76, 54, 72, 60, 73, 26]
[12, 48, 35, 10, 81, 63, 40, 69, 81]
[21, 75, 85, 21, 29, 61, 43, 51, 23]
[19, 99, 75, 88, 64, 72, 19, 90, 62]
[36, 39, 35, 91, 25, 45, 37, 32, 86]
[23, 91, 58, 86, 84, 53, 28, 34, 80]
[27, 51, 61, 89, 84, 69, 85, 70, 89]
[95, 21, 17, 94, 26, 40, 65, 67, 91]
[47, 14, 67, 22, 20, 86, 81, 30, 51]
[68, 93, 71, 90, 64, 78, 80, 85, 62]
[11, 83, 32, 91, 52, 50, 11, 19, 16]
[17, 97, 72, 16, 92, 22, 30, 63, 91]
[27, 71, 60, 44, 74, 77, 100, 89, 18]
[10, 14, 21, 82, 38, 84, 44, 100, 24]
[40, 47, 56, 35, 74, 19, 19, 85, 100]
[56, 39, 86, 83, 54, 29, 15, 71, 20]
]
需要区間:
[
[[0, 0], [1, 2], [3, 3], [4, 4], [5, 5], [6, 6], [7, 7], [8, 8], [9, 10]]
[[0, 1], [2, 2], [3, 3], [4, 4], [5, 5], [6, 6], [7, 7], [8, 8], [9, 10]]
[[0, 1], [2, 2], [3, 3], [4, 4], [5, 5], [6, 6], [7, 7], [8, 8], [9, 10]]
[[0, 0], [1, 1], [2, 2], [3, 4], [5, 5], [6, 6], [7, 7], [8, 8], [9, 10]]
[[0, 1], [2, 2], [3, 3], [4, 4], [5, 5], [6, 6], [7, 7], [8, 8], [9, 10]]
[[0, 0], [1, 1], [2, 2], [3, 3], [4, 5], [6, 6], [7, 7], [8, 8], [9, 10]]
[[0, 1], [2, 2], [3, 3], [4, 4], [5, 5], [6, 6], [7, 7], [8, 8], [9, 10]]
[[0, 0], [1, 2], [3, 3], [4, 4], [5, 5], [6, 6], [7, 7], [8, 8], [9, 10]]
[[0, 1], [2, 2], [3, 3], [4, 4], [5, 5], [6, 6], [7, 7], [8, 8], [9, 10]]
[[0, 1], [2, 2], [3, 3], [4, 4], [5, 5], [6, 6], [7, 7], [8, 8], [9, 10]]
[[0, 0], [1, 1], [2, 2], [3, 4], [5, 5], [6, 6], [7, 7], [8, 8], [9, 10]]
[[0, 0], [1, 2], [3, 3], [4, 4], [5, 5], [6, 6], [7, 7], [8, 8], [9, 10]]
[[0, 0], [1, 1], [2, 2], [3, 4], [5, 5], [6, 6], [7, 7], [8, 8], [9, 10]]
[[0, 1], [2, 2], [3, 3], [4, 4], [5, 5], [6, 6], [7, 7], [8, 8], [9, 10]]
[[0, 1], [2, 2], [3, 3], [4, 4], [5, 5], [6, 6], [7, 7], [8, 8], [9, 10]]
[[0, 0], [1, 1], [2, 3], [4, 4], [5, 5], [6, 6], [7, 7], [8, 8], [9, 10]]
[[0, 0], [1, 2], [3, 3], [4, 4], [5, 5], [6, 6], [7, 7], [8, 8], [9, 10]]
[[0, 1], [2, 2], [3, 3], [4, 4], [5, 5], [6, 6], [7, 7], [8, 8], [9, 10]]
[[0, 0], [1, 2], [3, 3], [4, 4], [5, 5], [6, 6], [7, 7], [8, 8], [9, 10]]
[[0, 0], [1, 2], [3, 3], [4, 4], [5, 5], [6, 6], [7, 7], [8, 8], [9, 10]]
[[0, 0], [1, 2], [3, 3], [4, 4], [5, 5], [6, 6], [7, 7], [8, 8], [9, 10]]
[[0, 1], [2, 2], [3, 3], [4, 4], [5, 5], [6, 6], [7, 7], [8, 8], [9, 10]]
[[0, 0], [1, 2], [3, 3], [4, 4], [5, 5], [6, 6], [7, 7], [8, 8], [9, 10]]
[[0, 0], [1, 2], [3, 3], [4, 4], [5, 5], [6, 6], [7, 7], [8, 8], [9, 10]]
[[0, 0], [1, 2], [3, 3], [4, 4], [5, 5], [6, 6], [7, 7], [8, 8], [9, 10]]
[[0, 1], [2, 2], [3, 3], [4, 4], [5, 5], [6, 6], [7, 7], [8, 8], [9, 10]]
[[0, 0], [1, 2], [3, 3], [4, 4], [5, 5], [6, 6], [7, 7], [8, 8], [9, 10]]
[[0, 0], [1, 2], [3, 3], [4, 4], [5, 5], [6, 6], [7, 7], [8, 8], [9, 10]]
[[0, 0], [1, 1], [2, 3], [4, 4], [5, 5], [6, 6], [7, 7], [8, 8], [9, 10]]
[[0, 0], [1, 1], [2, 3], [4, 4], [5, 5], [6, 6], [7, 7], [8, 8], [9, 10]]
[[0, 1], [2, 2], [3, 3], [4, 4], [5, 5], [6, 6], [7, 7], [8, 8], [9, 10]]
[[0, 1], [2, 2], [3, 3], [4, 4], [5, 5], [6, 6], [7, 7], [8, 8], [9, 10]]
[[0, 1], [2, 2], [3, 3], [4, 4], [5, 5], [6, 6], [7, 7], [8, 8], [9, 10]]
[[0, 1], [2, 2], [3, 3], [4, 4], [5, 5], [6, 6], [7, 7], [8, 8], [9, 10]]
[[0, 0], [1, 1], [2, 2], [3, 4], [5, 5], [6, 6], [7, 7], [8, 8], [9, 10]]
[[0, 0], [1, 2], [3, 3], [4, 4], [5, 5], [6, 6], [7, 7], [8, 8], [9, 10]]
[[0, 1], [2, 2], [3, 3], [4, 4], [5, 5], [6, 6], [7, 7], [8, 8], [9, 10]]
[[0, 1], [2, 2], [3, 3], [4, 4], [5, 5], [6, 6], [7, 7], [8, 8], [9, 10]]
[[0, 1], [2, 2], [3, 3], [4, 4], [5, 5], [6, 6], [7, 7], [8, 8], [9, 10]]
[[0, 1], [2, 2], [3, 3], [4, 4], [5, 5], [6, 6], [7, 7], [8, 8], [9, 10]]
[[0, 0], [1, 2], [3, 3], [4, 4], [5, 5], [6, 6], [7, 7], [8, 8], [9, 10]]
[[0, 1], [2, 2], [3, 3], [4, 4], [5, 5], [6, 6], [7, 7], [8, 8], [9, 10]]
[[0, 1], [2, 2], [3, 3], [4, 4], [5, 5], [6, 6], [7, 7], [8, 8], [9, 10]]
[[0, 0], [1, 2], [3, 3], [4, 4], [5, 5], [6, 6], [7, 7], [8, 8], [9, 10]]
[[0, 1], [2, 2], [3, 3], [4, 4], [5, 5], [6, 6], [7, 7], [8, 8], [9, 10]]
[[0, 0], [1, 1], [2, 2], [3, 3], [4, 5], [6, 6], [7, 7], [8, 8], [9, 10]]
[[0, 0], [1, 2], [3, 3], [4, 4], [5, 5], [6, 6], [7, 7], [8, 8], [9, 10]]
[[0, 1], [2, 2], [3, 3], [4, 4], [5, 5], [6, 6], [7, 7], [8, 8], [9, 10]]
[[0, 0], [1, 2], [3, 3], [4, 4], [5, 5], [6, 6], [7, 7], [8, 8], [9, 10]]
[[0, 1], [2, 2], [3, 3], [4, 4], [5, 5], [6, 6], [7, 7], [8, 8], [9, 10]]
[[0, 0], [1, 1], [2, 2], [3, 4], [5, 5], [6, 6], [7, 7], [8, 8], [9, 10]]
[[0, 1], [2, 2], [3, 3], [4, 4], [5, 5], [6, 6], [7, 7], [8, 8], [9, 10]]
[[0, 1], [2, 2], [3, 3], [4, 4], [5, 5], [6, 6], [7, 7], [8, 8], [9, 10]]
[[0, 1], [2, 2], [3, 3], [4, 4], [5, 5], [6, 6], [7, 7], [8, 8], [9, 10]]
[[0, 1], [2, 2], [3, 3], [4, 4], [5, 5], [6, 6], [7, 7], [8, 8], [9, 10]]
[[0, 0], [1, 2], [3, 3], [4, 4], [5, 5], [6, 6], [7, 7], [8, 8], [9, 10]]
[[0, 0], [1, 1], [2, 2], [3, 3], [4, 4], [5, 5], [6, 6], [7, 7], [8, 10]]
[[0, 1], [2, 2], [3, 3], [4, 4], [5, 5], [6, 6], [7, 7], [8, 8], [9, 10]]
[[0, 1], [2, 2], [3, 3], [4, 4], [5, 5], [6, 6], [7, 7], [8, 8], [9, 10]]
[[0, 0], [1, 2], [3, 3], [4, 4], [5, 5], [6, 6], [7, 7], [8, 8], [9, 10]]
[[0, 1], [2, 2], [3, 3], [4, 4], [5, 5], [6, 6], [7, 7], [8, 8], [9, 10]]
[[0, 0], [1, 1], [2, 2], [3, 3], [4, 4], [5, 6], [7, 7], [8, 8], [9, 10]]
[[0, 1], [2, 2], [3, 3], [4, 4], [5, 5], [6, 6], [7, 7], [8, 8], [9, 10]]
[[0, 1], [2, 2], [3, 3], [4, 4], [5, 5], [6, 6], [7, 7], [8, 8], [9, 10]]
[[0, 0], [1, 2], [3, 3], [4, 4], [5, 5], [6, 6], [7, 7], [8, 8], [9, 10]]
[[0, 0], [1, 1], [2, 3], [4, 4], [5, 5], [6, 6], [7, 7], [8, 8], [9, 10]]
[[0, 1], [2, 2], [3, 3], [4, 4], [5, 5], [6, 6], [7, 7], [8, 8], [9, 10]]
[[0, 1], [2, 2], [3, 3], [4, 4], [5, 5], [6, 6], [7, 7], [8, 8], [9, 10]]
[[0, 0], [1, 1], [2, 3], [4, 4], [5, 5], [6, 6], [7, 7], [8, 8], [9, 10]]
[[0, 0], [1, 1], [2, 3], [4, 4], [5, 5], [6, 6], [7, 7], [8, 8], [9, 10]]
[[0, 1], [2, 2], [3, 3], [4, 4], [5, 5], [6, 6], [7, 7], [8, 8], [9, 10]]
[[0, 0], [1, 1], [2, 3], [4, 4], [5, 5], [6, 6], [7, 7], [8, 8], [9, 10]]
[[0, 1], [2, 2], [3, 3], [4, 4], [5, 5], [6, 6], [7, 7], [8, 8], [9, 10]]
[[0, 1], [2, 2], [3, 3], [4, 4], [5, 5], [6, 6], [7, 7], [8, 8], [9, 10]]
[[0, 0], [1, 2], [3, 3], [4, 4], [5, 5], [6, 6], [7, 7], [8, 8], [9, 10]]
[[0, 1], [2, 2], [3, 3], [4, 4], [5, 5], [6, 6], [7, 7], [8, 8], [9, 10]]
[[0, 1], [2, 2], [3, 3], [4, 4], [5, 5], [6, 6], [7, 7], [8, 8], [9, 10]]
[[0, 0], [1, 1], [2, 3], [4, 4], [5, 5], [6, 6], [7, 7], [8, 8], [9, 10]]
[[0, 1], [2, 2], [3, 3], [4, 4], [5, 5], [6, 6], [7, 7], [8, 8], [9, 10]]
[[0, 0], [1, 2], [3, 3], [4, 4], [5, 5], [6, 6], [7, 7], [8, 8], [9, 10]]
[[0, 1], [2, 2], [3, 3], [4, 4], [5, 5], [6, 6], [7, 7], [8, 8], [9, 10]]
[[0, 1], [2, 2], [3, 3], [4, 4], [5, 5], [6, 6], [7, 7], [8, 8], [9, 10]]
[[0, 0], [1, 2], [3, 3], [4, 4], [5, 5], [6, 6], [7, 7], [8, 8], [9, 10]]
[[0, 0], [1, 1], [2, 2], [3, 4], [5, 5], [6, 6], [7, 7], [8, 8], [9, 10]]
[[0, 1], [2, 2], [3, 3], [4, 4], [5, 5], [6, 6], [7, 7], [8, 8], [9, 10]]
[[0, 0], [1, 1], [2, 3], [4, 4], [5, 5], [6, 6], [7, 7], [8, 8], [9, 10]]
[[0, 1], [2, 2], [3, 3], [4, 4], [5, 5], [6, 6], [7, 7], [8, 8], [9, 10]]
[[0, 0], [1, 2], [3, 3], [4, 4], [5, 5], [6, 6], [7, 7], [8, 8], [9, 10]]
[[0, 1], [2, 2], [3, 3], [4, 4], [5, 5], [6, 6], [7, 7], [8, 8], [9, 10]]
[[0, 0], [1, 2], [3, 3], [4, 4], [5, 5], [6, 6], [7, 7], [8, 8], [9, 10]]
[[0, 1], [2, 2], [3, 3], [4, 4], [5, 5], [6, 6], [7, 7], [8, 8], [9, 10]]
[[0, 1], [2, 2], [3, 3], [4, 4], [5, 5], [6, 6], [7, 7], [8, 8], [9, 10]]
[[0, 0], [1, 1], [2, 2], [3, 4], [5, 5], [6, 6], [7, 7], [8, 8], [9, 10]]
[[0, 1], [2, 2], [3, 3], [4, 4], [5, 5], [6, 6], [7, 7], [8, 8], [9, 10]]
[[0, 1], [2, 2], [3, 3], [4, 4], [5, 5], [6, 6], [7, 7], [8, 8], [9, 10]]
[[0, 0], [1, 2], [3, 3], [4, 4], [5, 5], [6, 6], [7, 7], [8, 8], [9, 10]]
[[0, 0], [1, 2], [3, 3], [4, 4], [5, 5], [6, 6], [7, 7], [8, 8], [9, 10]]
[[0, 0], [1, 2], [3, 3], [4, 4], [5, 5], [6, 6], [7, 7], [8, 8], [9, 10]]
[[0, 0], [1, 1], [2, 2], [3, 4], [5, 5], [6, 6], [7, 7], [8, 8], [9, 10]]
[[0, 1], [2, 2], [3, 3], [4, 4], [5, 5], [6, 6], [7, 7], [8, 8], [9, 10]]
]
Max value: 1000
====================
入札者数: 100
財の個数: 10
傾き:
[
[17, 85, 35, 90, 54, 14]
[48, 57, 39, 30, 60, 53]
[40, 93, 22, 96, 96, 25]
[96, 28, 62, 63, 78, 23]
[16, 96, 39, 29, 24, 42]
[46, 28, 60, 80, 42, 65]
[20, 28, 99, 35, 68, 97]
[20, 53, 15, 92, 45, 19]
[53, 42, 68, 73, 92, 62]
[69, 74, 85, 44, 60, 97]
[24, 24, 38, 17, 77, 21]
[69, 44, 74, 70, 16, 88]
[63, 60, 55, 39, 48, 52]
[40, 68, 86, 15, 93, 48]
[19, 52, 76, 38, 13, 25]
[41, 33, 30, 69, 52, 78]
[74, 92, 26, 40, 50, 30]
[18, 31, 45, 92, 13, 71]
[11, 35, 74, 36, 43, 69]
[71, 66, 57, 91, 62, 60]
[17, 72, 92, 77, 78, 43]
[32, 10, 83, 83, 20, 52]
[88, 53, 52, 34, 95, 19]
[60, 17, 53, 58, 40, 78]
[37, 21, 13, 37, 77, 99]
[71, 42, 43, 79, 95, 83]
[79, 40, 58, 65, 26, 62]
[22, 97, 99, 84, 63, 93]
[99, 43, 49, 33, 87, 34]
[53, 26, 66, 94, 81, 57]
[57, 100, 79, 10, 35, 26]
[62, 84, 47, 93, 93, 12]
[29, 31, 29, 87, 13, 66]
[75, 36, 29, 98, 41, 95]
[27, 62, 87, 95, 91, 99]
[86, 29, 62, 20, 32, 97]
[55, 14, 32, 69, 98, 75]
[38, 78, 61, 57, 53, 15]
[73, 21, 61, 71, 73, 17]
[70, 85, 70, 80, 69, 39]
[80, 62, 27, 55, 73, 69]
[60, 25, 46, 90, 43, 55]
[31, 52, 58, 11, 55, 68]
[74, 60, 35, 85, 77, 27]
[87, 34, 11, 88, 41, 41]
[28, 88, 33, 82, 89, 89]
[75, 80, 50, 55, 44, 47]
[95, 12, 72, 84, 81, 50]
[22, 75, 55, 63, 81, 57]
[49, 65, 46, 68, 27, 98]
[84, 90, 73, 62, 14, 99]
[47, 56, 72, 86, 93, 85]
[67, 56, 69, 14, 39, 98]
[47, 86, 82, 25, 83, 55]
[51, 71, 31, 10, 58, 18]
[99, 72, 67, 58, 100, 80]
[71, 30, 24, 71, 90, 10]
[11, 77, 78, 16, 26, 39]
[70, 41, 84, 44, 54, 14]
[38, 36, 85, 45, 68, 65]
[21, 65, 77, 38, 73, 15]
[74, 15, 60, 50, 83, 27]
[26, 12, 37, 60, 98, 52]
[97, 41, 96, 51, 86, 16]
[22, 37, 77, 80, 55, 51]
[73, 25, 44, 82, 71, 28]
[44, 59, 86, 84, 72, 92]
[21, 62, 58, 21, 86, 33]
[44, 48, 32, 57, 70, 89]
[24, 73, 46, 86, 63, 50]
[45, 41, 21, 94, 28, 83]
[61, 37, 73, 89, 100, 17]
[55, 30, 36, 73, 50, 92]
[66, 81, 15, 22, 13, 69]
[69, 66, 63, 71, 84, 92]
[33, 64, 65, 20, 94, 97]
[25, 30, 27, 85, 62, 57]
[22, 62, 72, 74, 28, 88]
[92, 16, 60, 61, 35, 53]
[69, 66, 75, 24, 96, 52]
[61, 46, 91, 11, 68, 93]
[64, 82, 18, 19, 79, 16]
[74, 80, 22, 69, 86, 23]
[73, 29, 24, 21, 87, 54]
[91, 33, 27, 42, 16, 100]
[43, 17, 59, 86, 64, 30]
[58, 41, 49, 50, 53, 93]
[53, 73, 10, 70, 90, 17]
[19, 23, 56, 90, 93, 67]
[70, 78, 54, 99, 32, 17]
[63, 71, 75, 62, 16, 20]
[53, 25, 65, 47, 97, 63]
[19, 60, 22, 40, 82, 92]
[78, 73, 99, 26, 16, 54]
[26, 78, 34, 42, 80, 77]
[59, 38, 22, 10, 32, 54]
[100, 82, 95, 93, 50, 77]
[76, 77, 21, 84, 40, 79]
[97, 49, 82, 36, 11, 42]
[91, 37, 90, 83, 37, 62]
]
需要区間:
[
[[0, 3], [4, 5], [6, 6], [7, 7], [8, 8], [9, 10]]
[[0, 1], [2, 3], [4, 4], [5, 5], [6, 8], [9, 10]]
[[0, 2], [3, 3], [4, 5], [6, 6], [7, 8], [9, 10]]
[[0, 4], [5, 5], [6, 6], [7, 7], [8, 8], [9, 10]]
[[0, 0], [1, 5], [6, 6], [7, 7], [8, 8], [9, 10]]
[[0, 0], [1, 1], [2, 3], [4, 6], [7, 7], [8, 10]]
[[0, 4], [5, 5], [6, 6], [7, 7], [8, 8], [9, 10]]
[[0, 3], [4, 4], [5, 6], [7, 7], [8, 8], [9, 10]]
[[0, 3], [4, 4], [5, 6], [7, 7], [8, 8], [9, 10]]
[[0, 4], [5, 5], [6, 6], [7, 7], [8, 8], [9, 10]]
[[0, 2], [3, 4], [5, 5], [6, 6], [7, 8], [9, 10]]
[[0, 4], [5, 5], [6, 6], [7, 7], [8, 8], [9, 10]]
[[0, 2], [3, 5], [6, 6], [7, 7], [8, 8], [9, 10]]
[[0, 2], [3, 4], [5, 6], [7, 7], [8, 8], [9, 10]]
[[0, 3], [4, 4], [5, 6], [7, 7], [8, 8], [9, 10]]
[[0, 1], [2, 3], [4, 6], [7, 7], [8, 8], [9, 10]]
[[0, 3], [4, 5], [6, 6], [7, 7], [8, 8], [9, 10]]
[[0, 4], [5, 5], [6, 6], [7, 7], [8, 8], [9, 10]]
[[0, 4], [5, 5], [6, 6], [7, 7], [8, 8], [9, 10]]
[[0, 0], [1, 3], [4, 6], [7, 7], [8, 8], [9, 10]]
[[0, 1], [2, 3], [4, 5], [6, 6], [7, 8], [9, 10]]
[[0, 3], [4, 5], [6, 6], [7, 7], [8, 8], [9, 10]]
[[0, 1], [2, 2], [3, 3], [4, 7], [8, 8], [9, 10]]
[[0, 0], [1, 1], [2, 2], [3, 7], [8, 8], [9, 10]]
[[0, 4], [5, 5], [6, 6], [7, 7], [8, 8], [9, 10]]
[[0, 3], [4, 5], [6, 6], [7, 7], [8, 8], [9, 10]]
[[0, 1], [2, 2], [3, 3], [4, 7], [8, 8], [9, 10]]
[[0, 4], [5, 5], [6, 6], [7, 7], [8, 8], [9, 10]]
[[0, 2], [3, 3], [4, 5], [6, 7], [8, 8], [9, 10]]
[[0, 3], [4, 4], [5, 6], [7, 7], [8, 8], [9, 10]]
[[0, 1], [2, 2], [3, 3], [4, 5], [6, 6], [7, 10]]
[[0, 2], [3, 3], [4, 5], [6, 7], [8, 8], [9, 10]]
[[0, 0], [1, 2], [3, 4], [5, 7], [8, 8], [9, 10]]
[[0, 3], [4, 4], [5, 6], [7, 7], [8, 8], [9, 10]]
[[0, 0], [1, 1], [2, 6], [7, 7], [8, 8], [9, 10]]
[[0, 4], [5, 5], [6, 6], [7, 7], [8, 8], [9, 10]]
[[0, 1], [2, 4], [5, 6], [7, 7], [8, 8], [9, 10]]
[[0, 4], [5, 5], [6, 6], [7, 7], [8, 8], [9, 10]]
[[0, 3], [4, 4], [5, 5], [6, 7], [8, 8], [9, 10]]
[[0, 4], [5, 5], [6, 6], [7, 7], [8, 8], [9, 10]]
[[0, 1], [2, 2], [3, 6], [7, 7], [8, 8], [9, 10]]
[[0, 4], [5, 5], [6, 6], [7, 7], [8, 8], [9, 10]]
[[0, 1], [2, 4], [5, 5], [6, 7], [8, 8], [9, 10]]
[[0, 4], [5, 5], [6, 6], [7, 7], [8, 8], [9, 10]]
[[0, 4], [5, 5], [6, 6], [7, 7], [8, 8], [9, 10]]
[[0, 2], [3, 4], [5, 5], [6, 7], [8, 8], [9, 10]]
[[0, 1], [2, 4], [5, 5], [6, 6], [7, 7], [8, 10]]
[[0, 0], [1, 1], [2, 3], [4, 5], [6, 7], [8, 10]]
[[0, 2], [3, 3], [4, 5], [6, 7], [8, 8], [9, 10]]
[[0, 0], [1, 1], [2, 6], [7, 7], [8, 8], [9, 10]]
[[0, 2], [3, 5], [6, 6], [7, 7], [8, 8], [9, 10]]
[[0, 0], [1, 2], [3, 3], [4, 4], [5, 6], [7, 10]]
[[0, 0], [1, 4], [5, 6], [7, 7], [8, 8], [9, 10]]
[[0, 4], [5, 5], [6, 6], [7, 7], [8, 8], [9, 10]]
[[0, 0], [1, 2], [3, 6], [7, 7], [8, 8], [9, 10]]
[[0, 3], [4, 4], [5, 6], [7, 7], [8, 8], [9, 10]]
[[0, 4], [5, 5], [6, 6], [7, 7], [8, 8], [9, 10]]
[[0, 0], [1, 1], [2, 4], [5, 7], [8, 8], [9, 10]]
[[0, 0], [1, 2], [3, 6], [7, 7], [8, 8], [9, 10]]
[[0, 3], [4, 5], [6, 6], [7, 7], [8, 8], [9, 10]]
[[0, 3], [4, 4], [5, 6], [7, 7], [8, 8], [9, 10]]
[[0, 2], [3, 3], [4, 5], [6, 7], [8, 8], [9, 10]]
[[0, 1], [2, 2], [3, 4], [5, 7], [8, 8], [9, 10]]
[[0, 4], [5, 5], [6, 6], [7, 7], [8, 8], [9, 10]]
[[0, 3], [4, 4], [5, 5], [6, 6], [7, 7], [8, 10]]
[[0, 3], [4, 4], [5, 5], [6, 6], [7, 8], [9, 10]]
[[0, 4], [5, 5], [6, 6], [7, 7], [8, 8], [9, 10]]
[[0, 0], [1, 5], [6, 6], [7, 7], [8, 8], [9, 10]]
[[0, 3], [4, 5], [6, 6], [7, 7], [8, 8], [9, 10]]
[[0, 3], [4, 4], [5, 5], [6, 7], [8, 8], [9, 10]]
[[0, 4], [5, 5], [6, 6], [7, 7], [8, 8], [9, 10]]
[[0, 1], [2, 2], [3, 3], [4, 4], [5, 5], [6, 10]]
[[0, 4], [5, 5], [6, 6], [7, 7], [8, 8], [9, 10]]
[[0, 3], [4, 4], [5, 5], [6, 6], [7, 8], [9, 10]]
[[0, 4], [5, 5], [6, 6], [7, 7], [8, 8], [9, 10]]
[[0, 0], [1, 1], [2, 4], [5, 5], [6, 8], [9, 10]]
[[0, 3], [4, 5], [6, 6], [7, 7], [8, 8], [9, 10]]
[[0, 1], [2, 3], [4, 5], [6, 7], [8, 8], [9, 10]]
[[0, 3], [4, 4], [5, 6], [7, 7], [8, 8], [9, 10]]
[[0, 0], [1, 3], [4, 6], [7, 7], [8, 8], [9, 10]]
[[0, 1], [2, 3], [4, 6], [7, 7], [8, 8], [9, 10]]
[[0, 0], [1, 5], [6, 6], [7, 7], [8, 8], [9, 10]]
[[0, 1], [2, 5], [6, 6], [7, 7], [8, 8], [9, 10]]
[[0, 1], [2, 3], [4, 5], [6, 7], [8, 8], [9, 10]]
[[0, 2], [3, 5], [6, 6], [7, 7], [8, 8], [9, 10]]
[[0, 4], [5, 5], [6, 6], [7, 7], [8, 8], [9, 10]]
[[0, 2], [3, 4], [5, 6], [7, 7], [8, 8], [9, 10]]
[[0, 1], [2, 4], [5, 6], [7, 7], [8, 8], [9, 10]]
[[0, 2], [3, 3], [4, 6], [7, 7], [8, 8], [9, 10]]
[[0, 3], [4, 4], [5, 6], [7, 7], [8, 8], [9, 10]]
[[0, 1], [2, 3], [4, 5], [6, 6], [7, 7], [8, 10]]
[[0, 3], [4, 5], [6, 6], [7, 7], [8, 8], [9, 10]]
[[0, 3], [4, 5], [6, 6], [7, 7], [8, 8], [9, 10]]
[[0, 4], [5, 5], [6, 6], [7, 7], [8, 8], [9, 10]]
[[0, 2], [3, 4], [5, 6], [7, 7], [8, 8], [9, 10]]
[[0, 2], [3, 3], [4, 5], [6, 7], [8, 8], [9, 10]]
[[0, 4], [5, 5], [6, 6], [7, 7], [8, 8], [9, 10]]
[[0, 4], [5, 5], [6, 6], [7, 7], [8, 8], [9, 10]]
[[0, 4], [5, 5], [6, 6], [7, 7], [8, 8], [9, 10]]
[[0, 2], [3, 3], [4, 4], [5, 7], [8, 8], [9, 10]]
]
Max value: 1000
====================
入札者数: 100
財の個数: 10
傾き:
[
[22, 90, 35, 65, 32, 81, 10, 70]
[41, 48, 39, 89, 66, 37, 44, 28]
[57, 41, 97, 46, 11, 99, 53, 49]
[76, 12, 63, 76, 18, 15, 100, 44]
[34, 79, 44, 45, 12, 50, 73, 86]
[45, 88, 30, 51, 44, 10, 26, 74]
[75, 83, 30, 36, 36, 30, 18, 81]
[79, 38, 22, 97, 34, 69, 59, 96]
[30, 22, 36, 37, 50, 75, 69, 87]
[91, 79, 52, 76, 24, 34, 92, 25]
[72, 10, 71, 56, 64, 71, 62, 42]
[26, 21, 66, 16, 18, 48, 94, 29]
[39, 94, 59, 26, 68, 27, 75, 88]
[22, 12, 16, 71, 59, 97, 63, 77]
[14, 82, 44, 61, 42, 79, 35, 31]
[59, 50, 41, 73, 26, 85, 25, 23]
[100, 50, 65, 28, 85, 23, 93, 15]
[32, 74, 45, 37, 47, 92, 48, 71]
[69, 78, 13, 97, 24, 43, 89, 99]
[42, 46, 97, 60, 51, 28, 18, 63]
[70, 44, 18, 62, 91, 12, 91, 32]
[91, 85, 14, 16, 41, 85, 49, 32]
[81, 91, 40, 18, 62, 82, 96, 92]
[60, 95, 63, 95, 51, 79, 36, 97]
[98, 19, 71, 64, 17, 55, 69, 38]
[58, 10, 83, 70, 17, 25, 22, 90]
[60, 42, 85, 80, 51, 23, 59, 56]
[11, 49, 20, 44, 14, 68, 30, 91]
[40, 85, 15, 100, 19, 81, 24, 79]
[68, 75, 14, 89, 69, 27, 25, 41]
[83, 15, 91, 82, 62, 64, 63, 33]
[43, 11, 39, 14, 62, 51, 52, 44]
[82, 50, 97, 48, 82, 15, 12, 31]
[83, 46, 91, 70, 90, 58, 50, 28]
[60, 77, 19, 49, 65, 55, 68, 15]
[67, 44, 97, 63, 59, 23, 19, 18]
[43, 56, 53, 96, 75, 74, 26, 52]
[20, 17, 52, 96, 53, 45, 48, 14]
[29, 93, 50, 57, 95, 45, 29, 95]
[85, 73, 39, 13, 16, 89, 72, 34]
[57, 81, 33, 21, 62, 38, 59, 83]
[92, 74, 27, 62, 77, 54, 88, 71]
[57, 71, 35, 85, 73, 96, 23, 15]
[97, 16, 31, 74, 74, 56, 30, 73]
[68, 91, 55, 15, 84, 41, 77, 65]
[72, 63, 58, 71, 29, 41, 33, 80]
[89, 37, 11, 54, 76, 67, 12, 10]
[52, 91, 12, 64, 55, 51, 93, 53]
[37, 57, 91, 68, 26, 61, 47, 96]
[53, 51, 56, 92, 51, 16, 87, 48]
[94, 39, 92, 21, 32, 29, 29, 76]
[16, 56, 39, 27, 83, 63, 94, 55]
[61, 29, 42, 48, 21, 45, 51, 34]
[81, 73, 94, 14, 26, 78, 99, 68]
[14, 88, 98, 65, 56, 24, 100, 27]
[78, 79, 70, 86, 91, 93, 24, 34]
[30, 81, 52, 88, 80, 56, 38, 39]
[75, 97, 22, 94, 65, 27, 43, 80]
[94, 76, 39, 81, 33, 58, 52, 55]
[50, 95, 23, 82, 51, 26, 75, 96]
[26, 41, 49, 28, 66, 98, 64, 47]
[59, 86, 53, 11, 54, 95, 43, 10]
[41, 69, 77, 94, 48, 16, 63, 64]
[87, 33, 95, 59, 25, 93, 49, 40]
[92, 79, 33, 70, 61, 35, 75, 66]
[85, 62, 99, 11, 47, 34, 93, 37]
[29, 13, 83, 66, 40, 99, 51, 62]
[55, 69, 78, 35, 29, 92, 31, 20]
[48, 75, 38, 48, 71, 78, 65, 39]
[78, 64, 88, 73, 56, 20, 61, 34]
[74, 42, 82, 31, 56, 92, 38, 10]
[93, 17, 29, 39, 39, 96, 21, 84]
[96, 96, 44, 39, 17, 42, 76, 22]
[51, 52, 73, 10, 76, 52, 66, 41]
[73, 20, 35, 100, 14, 56, 68, 94]
[10, 83, 91, 25, 23, 51, 70, 26]
[48, 66, 11, 77, 62, 22, 65, 85]
[98, 55, 94, 10, 40, 80, 60, 19]
[88, 64, 89, 17, 63, 26, 70, 16]
[76, 63, 95, 93, 60, 65, 42, 94]
[16, 23, 51, 64, 83, 25, 92, 25]
[47, 94, 100, 24, 76, 64, 51, 27]
[40, 57, 97, 23, 35, 71, 84, 43]
[82, 89, 98, 78, 44, 68, 86, 80]
[99, 51, 66, 89, 73, 26, 65, 55]
[20, 61, 36, 27, 80, 41, 96, 77]
[72, 34, 45, 74, 57, 97, 84, 75]
[66, 16, 92, 80, 31, 36, 38, 40]
[54, 19, 37, 99, 65, 11, 67, 65]
[79, 97, 90, 94, 91, 58, 68, 69]
[94, 28, 99, 61, 72, 33, 38, 75]
[29, 43, 32, 20, 23, 62, 48, 86]
[68, 53, 60, 32, 95, 38, 35, 36]
[21, 16, 46, 80, 96, 97, 51, 21]
[12, 93, 71, 85, 44, 67, 87, 18]
[66, 49, 16, 36, 90, 67, 55, 69]
[37, 28, 66, 55, 16, 43, 45, 54]
[26, 12, 13, 100, 69, 45, 79, 31]
[70, 49, 20, 97, 38, 97, 35, 91]
[46, 84, 23, 18, 74, 31, 21, 36]
]
需要区間:
[
[[0, 1], [2, 2], [3, 3], [4, 5], [6, 6], [7, 7], [8, 8], [9, 10]]
[[0, 1], [2, 2], [3, 3], [4, 4], [5, 6], [7, 7], [8, 8], [9, 10]]
[[0, 2], [3, 3], [4, 4], [5, 5], [6, 6], [7, 7], [8, 8], [9, 10]]
[[0, 1], [2, 2], [3, 3], [4, 5], [6, 6], [7, 7], [8, 8], [9, 10]]
[[0, 0], [1, 1], [2, 3], [4, 4], [5, 5], [6, 7], [8, 8], [9, 10]]
[[0, 1], [2, 2], [3, 4], [5, 5], [6, 6], [7, 7], [8, 8], [9, 10]]
[[0, 1], [2, 2], [3, 4], [5, 5], [6, 6], [7, 7], [8, 8], [9, 10]]
[[0, 1], [2, 3], [4, 4], [5, 5], [6, 6], [7, 7], [8, 8], [9, 10]]
[[0, 1], [2, 2], [3, 3], [4, 4], [5, 6], [7, 7], [8, 8], [9, 10]]
[[0, 0], [1, 1], [2, 2], [3, 3], [4, 5], [6, 7], [8, 8], [9, 10]]
[[0, 2], [3, 3], [4, 4], [5, 5], [6, 6], [7, 7], [8, 8], [9, 10]]
[[0, 1], [2, 3], [4, 4], [5, 5], [6, 6], [7, 7], [8, 8], [9, 10]]
[[0, 2], [3, 3], [4, 4], [5, 5], [6, 6], [7, 7], [8, 8], [9, 10]]
[[0, 0], [1, 2], [3, 4], [5, 5], [6, 6], [7, 7], [8, 8], [9, 10]]
[[0, 1], [2, 3], [4, 4], [5, 5], [6, 6], [7, 7], [8, 8], [9, 10]]
[[0, 0], [1, 3], [4, 4], [5, 5], [6, 6], [7, 7], [8, 8], [9, 10]]
[[0, 1], [2, 3], [4, 4], [5, 5], [6, 6], [7, 7], [8, 8], [9, 10]]
[[0, 2], [3, 3], [4, 4], [5, 5], [6, 6], [7, 7], [8, 8], [9, 10]]
[[0, 0], [1, 1], [2, 3], [4, 5], [6, 6], [7, 7], [8, 8], [9, 10]]
[[0, 1], [2, 3], [4, 4], [5, 5], [6, 6], [7, 7], [8, 8], [9, 10]]
[[0, 1], [2, 3], [4, 4], [5, 5], [6, 6], [7, 7], [8, 8], [9, 10]]
[[0, 1], [2, 2], [3, 4], [5, 5], [6, 6], [7, 7], [8, 8], [9, 10]]
[[0, 1], [2, 2], [3, 3], [4, 4], [5, 6], [7, 7], [8, 8], [9, 10]]
[[0, 0], [1, 1], [2, 2], [3, 4], [5, 6], [7, 7], [8, 8], [9, 10]]
[[0, 1], [2, 3], [4, 4], [5, 5], [6, 6], [7, 7], [8, 8], [9, 10]]
[[0, 0], [1, 3], [4, 4], [5, 5], [6, 6], [7, 7], [8, 8], [9, 10]]
[[0, 2], [3, 3], [4, 4], [5, 5], [6, 6], [7, 7], [8, 8], [9, 10]]
[[0, 0], [1, 2], [3, 4], [5, 5], [6, 6], [7, 7], [8, 8], [9, 10]]
[[0, 1], [2, 3], [4, 4], [5, 5], [6, 6], [7, 7], [8, 8], [9, 10]]
[[0, 2], [3, 3], [4, 4], [5, 5], [6, 6], [7, 7], [8, 8], [9, 10]]
[[0, 1], [2, 3], [4, 4], [5, 5], [6, 6], [7, 7], [8, 8], [9, 10]]
[[0, 0], [1, 2], [3, 4], [5, 5], [6, 6], [7, 7], [8, 8], [9, 10]]
[[0, 2], [3, 3], [4, 4], [5, 5], [6, 6], [7, 7], [8, 8], [9, 10]]
[[0, 2], [3, 3], [4, 4], [5, 5], [6, 6], [7, 7], [8, 8], [9, 10]]
[[0, 1], [2, 3], [4, 4], [5, 5], [6, 6], [7, 7], [8, 8], [9, 10]]
[[0, 2], [3, 3], [4, 4], [5, 5], [6, 6], [7, 7], [8, 8], [9, 10]]
[[0, 0], [1, 3], [4, 4], [5, 5], [6, 6], [7, 7], [8, 8], [9, 10]]
[[0, 2], [3, 3], [4, 4], [5, 5], [6, 6], [7, 7], [8, 8], [9, 10]]
[[0, 0], [1, 2], [3, 3], [4, 5], [6, 6], [7, 7], [8, 8], [9, 10]]
[[0, 2], [3, 3], [4, 4], [5, 5], [6, 6], [7, 7], [8, 8], [9, 10]]
[[0, 0], [1, 3], [4, 4], [5, 5], [6, 6], [7, 7], [8, 8], [9, 10]]
[[0, 2], [3, 3], [4, 4], [5, 5], [6, 6], [7, 7], [8, 8], [9, 10]]
[[0, 0], [1, 1], [2, 2], [3, 4], [5, 5], [6, 6], [7, 8], [9, 10]]
[[0, 0], [1, 2], [3, 3], [4, 5], [6, 6], [7, 7], [8, 8], [9, 10]]
[[0, 1], [2, 2], [3, 3], [4, 4], [5, 6], [7, 7], [8, 8], [9, 10]]
[[0, 1], [2, 3], [4, 4], [5, 5], [6, 6], [7, 7], [8, 8], [9, 10]]
[[0, 0], [1, 2], [3, 3], [4, 5], [6, 6], [7, 7], [8, 8], [9, 10]]
[[0, 1], [2, 3], [4, 4], [5, 5], [6, 6], [7, 7], [8, 8], [9, 10]]
[[0, 1], [2, 2], [3, 4], [5, 5], [6, 6], [7, 7], [8, 8], [9, 10]]
[[0, 1], [2, 2], [3, 3], [4, 4], [5, 5], [6, 6], [7, 8], [9, 10]]
[[0, 1], [2, 2], [3, 3], [4, 4], [5, 5], [6, 7], [8, 8], [9, 10]]
[[0, 2], [3, 3], [4, 4], [5, 5], [6, 6], [7, 7], [8, 8], [9, 10]]
[[0, 1], [2, 3], [4, 4], [5, 5], [6, 6], [7, 7], [8, 8], [9, 10]]
[[0, 0], [1, 2], [3, 3], [4, 5], [6, 6], [7, 7], [8, 8], [9, 10]]
[[0, 2], [3, 3], [4, 4], [5, 5], [6, 6], [7, 7], [8, 8], [9, 10]]
[[0, 0], [1, 3], [4, 4], [5, 5], [6, 6], [7, 7], [8, 8], [9, 10]]
[[0, 1], [2, 3], [4, 4], [5, 5], [6, 6], [7, 7], [8, 8], [9, 10]]
[[0, 0], [1, 1], [2, 3], [4, 5], [6, 6], [7, 7], [8, 8], [9, 10]]
[[0, 0], [1, 1], [2, 3], [4, 4], [5, 5], [6, 7], [8, 8], [9, 10]]
[[0, 0], [1, 1], [2, 2], [3, 3], [4, 5], [6, 6], [7, 8], [9, 10]]
[[0, 0], [1, 2], [3, 4], [5, 5], [6, 6], [7, 7], [8, 8], [9, 10]]
[[0, 2], [3, 3], [4, 4], [5, 5], [6, 6], [7, 7], [8, 8], [9, 10]]
[[0, 2], [3, 3], [4, 4], [5, 5], [6, 6], [7, 7], [8, 8], [9, 10]]
[[0, 1], [2, 3], [4, 4], [5, 5], [6, 6], [7, 7], [8, 8], [9, 10]]
[[0, 1], [2, 3], [4, 4], [5, 5], [6, 6], [7, 7], [8, 8], [9, 10]]
[[0, 2], [3, 3], [4, 4], [5, 5], [6, 6], [7, 7], [8, 8], [9, 10]]
[[0, 2], [3, 3], [4, 4], [5, 5], [6, 6], [7, 7], [8, 8], [9, 10]]
[[0, 0], [1, 3], [4, 4], [5, 5], [6, 6], [7, 7], [8, 8], [9, 10]]
[[0, 0], [1, 1], [2, 4], [5, 5], [6, 6], [7, 7], [8, 8], [9, 10]]
[[0, 2], [3, 3], [4, 4], [5, 5], [6, 6], [7, 7], [8, 8], [9, 10]]
[[0, 2], [3, 3], [4, 4], [5, 5], [6, 6], [7, 7], [8, 8], [9, 10]]
[[0, 1], [2, 3], [4, 4], [5, 5], [6, 6], [7, 7], [8, 8], [9, 10]]
[[0, 0], [1, 2], [3, 3], [4, 5], [6, 6], [7, 7], [8, 8], [9, 10]]
[[0, 2], [3, 3], [4, 4], [5, 5], [6, 6], [7, 7], [8, 8], [9, 10]]
[[0, 0], [1, 1], [2, 3], [4, 5], [6, 6], [7, 7], [8, 8], [9, 10]]
[[0, 1], [2, 2], [3, 3], [4, 4], [5, 6], [7, 7], [8, 8], [9, 10]]
[[0, 2], [3, 3], [4, 4], [5, 5], [6, 6], [7, 7], [8, 8], [9, 10]]
[[0, 1], [2, 3], [4, 4], [5, 5], [6, 6], [7, 7], [8, 8], [9, 10]]
[[0, 1], [2, 2], [3, 3], [4, 5], [6, 6], [7, 7], [8, 8], [9, 10]]
[[0, 1], [2, 2], [3, 3], [4, 5], [6, 6], [7, 7], [8, 8], [9, 10]]
[[0, 0], [1, 3], [4, 4], [5, 5], [6, 6], [7, 7], [8, 8], [9, 10]]
[[0, 0], [1, 3], [4, 4], [5, 5], [6, 6], [7, 7], [8, 8], [9, 10]]
[[0, 0], [1, 1], [2, 3], [4, 5], [6, 6], [7, 7], [8, 8], [9, 10]]
[[0, 0], [1, 1], [2, 4], [5, 5], [6, 6], [7, 7], [8, 8], [9, 10]]
[[0, 0], [1, 2], [3, 4], [5, 5], [6, 6], [7, 7], [8, 8], [9, 10]]
[[0, 0], [1, 3], [4, 4], [5, 5], [6, 6], [7, 7], [8, 8], [9, 10]]
[[0, 1], [2, 3], [4, 4], [5, 5], [6, 6], [7, 7], [8, 8], [9, 10]]
[[0, 1], [2, 2], [3, 4], [5, 5], [6, 6], [7, 7], [8, 8], [9, 10]]
[[0, 1], [2, 3], [4, 4], [5, 5], [6, 6], [7, 7], [8, 8], [9, 10]]
[[0, 0], [1, 3], [4, 4], [5, 5], [6, 6], [7, 7], [8, 8], [9, 10]]
[[0, 0], [1, 3], [4, 4], [5, 5], [6, 6], [7, 7], [8, 8], [9, 10]]
[[0, 0], [1, 2], [3, 4], [5, 5], [6, 6], [7, 7], [8, 8], [9, 10]]
[[0, 2], [3, 3], [4, 4], [5, 5], [6, 6], [7, 7], [8, 8], [9, 10]]
[[0, 1], [2, 3], [4, 4], [5, 5], [6, 6], [7, 7], [8, 8], [9, 10]]
[[0, 0], [1, 2], [3, 4], [5, 5], [6, 6], [7, 7], [8, 8], [9, 10]]
[[0, 0], [1, 2], [3, 4], [5, 5], [6, 6], [7, 7], [8, 8], [9, 10]]
[[0, 2], [3, 3], [4, 4], [5, 5], [6, 6], [7, 7], [8, 8], [9, 10]]
[[0, 0], [1, 2], [3, 4], [5, 5], [6, 6], [7, 7], [8, 8], [9, 10]]
[[0, 1], [2, 2], [3, 3], [4, 4], [5, 5], [6, 6], [7, 8], [9, 10]]
[[0, 2], [3, 3], [4, 4], [5, 5], [6, 6], [7, 7], [8, 8], [9, 10]]
]
Max value: 1000
====================
入札者数: 100
財の個数: 10
傾き:
[
[27, 88, 75, 37, 37]
[72, 14, 85, 61, 37]
[96, 40, 35, 31, 22]
[21, 52, 71, 98, 19]
[25, 79, 17, 31, 11]
[52, 80, 95, 96, 66]
[35, 100, 42, 55, 76]
[37, 69, 24, 37, 92]
[68, 97, 69, 69, 60]
[88, 61, 46, 56, 87]
[46, 79, 86, 19, 65]
[19, 68, 18, 42, 77]
[90, 39, 52, 50, 26]
[15, 93, 16, 44, 17]
[84, 85, 10, 49, 72]
[68, 76, 14, 97, 33]
[14, 60, 38, 84, 29]
[26, 89, 97, 85, 71]
[68, 29, 62, 76, 24]
[84, 58, 23, 51, 100]
[70, 34, 62, 79, 41]
[42, 97, 12, 93, 63]
[63, 38, 19, 60, 77]
[80, 31, 47, 67, 16]
[99, 47, 61, 68, 37]
[96, 48, 66, 67, 95]
[31, 97, 58, 58, 89]
[79, 100, 23, 73, 64]
[33, 36, 76, 67, 22]
[29, 42, 23, 38, 49]
[96, 83, 77, 21, 76]
[85, 10, 70, 72, 28]
[100, 89, 85, 81, 50]
[80, 80, 46, 71, 45]
[97, 87, 21, 81, 28]
[76, 61, 97, 93, 54]
[100, 31, 84, 28, 86]
[58, 45, 15, 37, 32]
[44, 46, 13, 58, 36]
[65, 98, 56, 89, 14]
[28, 89, 34, 20, 35]
[31, 88, 65, 26, 83]
[20, 60, 92, 91, 61]
[63, 42, 27, 94, 47]
[10, 39, 87, 13, 31]
[64, 87, 70, 95, 65]
[34, 83, 35, 22, 27]
[88, 46, 79, 10, 12]
[69, 82, 24, 11, 38]
[21, 98, 50, 95, 66]
[57, 56, 86, 95, 50]
[11, 21, 89, 96, 90]
[13, 61, 18, 96, 30]
[58, 22, 37, 25, 37]
[46, 96, 33, 73, 46]
[24, 84, 79, 94, 20]
[29, 67, 80, 10, 62]
[62, 90, 39, 36, 13]
[16, 47, 85, 15, 78]
[26, 71, 39, 69, 25]
[30, 10, 12, 17, 33]
[100, 36, 14, 24, 35]
[15, 34, 67, 41, 61]
[31, 68, 46, 10, 56]
[55, 95, 27, 59, 67]
[79, 88, 73, 15, 40]
[69, 76, 15, 88, 82]
[44, 22, 19, 78, 42]
[40, 21, 57, 77, 61]
[49, 73, 80, 78, 96]
[28, 17, 50, 19, 37]
[81, 49, 67, 25, 14]
[94, 88, 54, 90, 69]
[43, 94, 91, 41, 76]
[49, 90, 56, 41, 27]
[27, 30, 70, 48, 45]
[88, 47, 26, 79, 31]
[50, 46, 57, 84, 31]
[90, 77, 93, 60, 27]
[15, 18, 33, 95, 35]
[15, 47, 51, 17, 85]
[15, 91, 64, 63, 16]
[64, 61, 76, 81, 47]
[48, 69, 54, 89, 78]
[100, 91, 93, 79, 74]
[97, 40, 92, 80, 75]
[39, 85, 15, 95, 91]
[77, 20, 68, 22, 88]
[11, 29, 10, 10, 49]
[50, 35, 24, 17, 62]
[52, 32, 56, 19, 64]
[45, 84, 67, 69, 49]
[29, 39, 93, 45, 29]
[14, 21, 71, 87, 73]
[35, 85, 71, 67, 100]
[30, 73, 44, 22, 15]
[50, 62, 33, 19, 19]
[55, 26, 61, 61, 39]
[37, 58, 26, 47, 81]
[54, 78, 63, 66, 15]
]
需要区間:
[
[[0, 1], [2, 3], [4, 5], [6, 7], [8, 10]]
[[0, 1], [2, 3], [4, 5], [6, 7], [8, 10]]
[[0, 1], [2, 3], [4, 5], [6, 7], [8, 10]]
[[0, 1], [2, 3], [4, 5], [6, 7], [8, 10]]
[[0, 1], [2, 3], [4, 5], [6, 7], [8, 10]]
[[0, 1], [2, 3], [4, 5], [6, 7], [8, 10]]
[[0, 1], [2, 3], [4, 5], [6, 7], [8, 10]]
[[0, 1], [2, 3], [4, 5], [6, 7], [8, 10]]
[[0, 1], [2, 3], [4, 5], [6, 7], [8, 10]]
[[0, 1], [2, 3], [4, 5], [6, 7], [8, 10]]
[[0, 1], [2, 3], [4, 5], [6, 7], [8, 10]]
[[0, 1], [2, 3], [4, 5], [6, 7], [8, 10]]
[[0, 1], [2, 3], [4, 5], [6, 7], [8, 10]]
[[0, 1], [2, 3], [4, 5], [6, 7], [8, 10]]
[[0, 1], [2, 3], [4, 5], [6, 7], [8, 10]]
[[0, 1], [2, 3], [4, 5], [6, 7], [8, 10]]
[[0, 1], [2, 3], [4, 5], [6, 7], [8, 10]]
[[0, 1], [2, 3], [4, 5], [6, 7], [8, 10]]
[[0, 1], [2, 3], [4, 5], [6, 7], [8, 10]]
[[0, 1], [2, 3], [4, 5], [6, 7], [8, 10]]
[[0, 1], [2, 3], [4, 5], [6, 7], [8, 10]]
[[0, 1], [2, 3], [4, 5], [6, 7], [8, 10]]
[[0, 1], [2, 3], [4, 5], [6, 7], [8, 10]]
[[0, 1], [2, 3], [4, 5], [6, 7], [8, 10]]
[[0, 1], [2, 3], [4, 5], [6, 7], [8, 10]]
[[0, 1], [2, 3], [4, 5], [6, 7], [8, 10]]
[[0, 1], [2, 3], [4, 5], [6, 7], [8, 10]]
[[0, 1], [2, 3], [4, 5], [6, 7], [8, 10]]
[[0, 1], [2, 3], [4, 5], [6, 7], [8, 10]]
[[0, 1], [2, 3], [4, 5], [6, 7], [8, 10]]
[[0, 1], [2, 3], [4, 5], [6, 7], [8, 10]]
[[0, 1], [2, 3], [4, 5], [6, 7], [8, 10]]
[[0, 1], [2, 3], [4, 5], [6, 7], [8, 10]]
[[0, 1], [2, 3], [4, 5], [6, 7], [8, 10]]
[[0, 1], [2, 3], [4, 5], [6, 7], [8, 10]]
[[0, 1], [2, 3], [4, 5], [6, 7], [8, 10]]
[[0, 1], [2, 3], [4, 5], [6, 7], [8, 10]]
[[0, 1], [2, 3], [4, 5], [6, 7], [8, 10]]
[[0, 1], [2, 3], [4, 5], [6, 7], [8, 10]]
[[0, 1], [2, 3], [4, 5], [6, 7], [8, 10]]
[[0, 1], [2, 3], [4, 5], [6, 7], [8, 10]]
[[0, 1], [2, 3], [4, 5], [6, 7], [8, 10]]
[[0, 1], [2, 3], [4, 5], [6, 7], [8, 10]]
[[0, 1], [2, 3], [4, 5], [6, 7], [8, 10]]
[[0, 1], [2, 3], [4, 5], [6, 7], [8, 10]]
[[0, 1], [2, 3], [4, 5], [6, 7], [8, 10]]
[[0, 1], [2, 3], [4, 5], [6, 7], [8, 10]]
[[0, 1], [2, 3], [4, 5], [6, 7], [8, 10]]
[[0, 1], [2, 3], [4, 5], [6, 7], [8, 10]]
[[0, 1], [2, 3], [4, 5], [6, 7], [8, 10]]
[[0, 1], [2, 3], [4, 5], [6, 7], [8, 10]]
[[0, 1], [2, 3], [4, 5], [6, 7], [8, 10]]
[[0, 1], [2, 3], [4, 5], [6, 7], [8, 10]]
[[0, 1], [2, 3], [4, 5], [6, 7], [8, 10]]
[[0, 1], [2, 3], [4, 5], [6, 7], [8, 10]]
[[0, 1], [2, 3], [4, 5], [6, 7], [8, 10]]
[[0, 1], [2, 3], [4, 5], [6, 7], [8, 10]]
[[0, 1], [2, 3], [4, 5], [6, 7], [8, 10]]
[[0, 1], [2, 3], [4, 5], [6, 7], [8, 10]]
[[0, 1], [2, 3], [4, 5], [6, 7], [8, 10]]
[[0, 1], [2, 3], [4, 5], [6, 7], [8, 10]]
[[0, 1], [2, 3], [4, 5], [6, 7], [8, 10]]
[[0, 1], [2, 3], [4, 5], [6, 7], [8, 10]]
[[0, 1], [2, 3], [4, 5], [6, 7], [8, 10]]
[[0, 1], [2, 3], [4, 5], [6, 7], [8, 10]]
[[0, 1], [2, 3], [4, 5], [6, 7], [8, 10]]
[[0, 1], [2, 3], [4, 5], [6, 7], [8, 10]]
[[0, 1], [2, 3], [4, 5], [6, 7], [8, 10]]
[[0, 1], [2, 3], [4, 5], [6, 7], [8, 10]]
[[0, 1], [2, 3], [4, 5], [6, 7], [8, 10]]
[[0, 1], [2, 3], [4, 5], [6, 7], [8, 10]]
[[0, 1], [2, 3], [4, 5], [6, 7], [8, 10]]
[[0, 1], [2, 3], [4, 5], [6, 7], [8, 10]]
[[0, 1], [2, 3], [4, 5], [6, 7], [8, 10]]
[[0, 1], [2, 3], [4, 5], [6, 7], [8, 10]]
[[0, 1], [2, 3], [4, 5], [6, 7], [8, 10]]
[[0, 1], [2, 3], [4, 5], [6, 7], [8, 10]]
[[0, 1], [2, 3], [4, 5], [6, 7], [8, 10]]
[[0, 1], [2, 3], [4, 5], [6, 7], [8, 10]]
[[0, 1], [2, 3], [4, 5], [6, 7], [8, 10]]
[[0, 1], [2, 3], [4, 5], [6, 7], [8, 10]]
[[0, 1], [2, 3], [4, 5], [6, 7], [8, 10]]
[[0, 1], [2, 3], [4, 5], [6, 7], [8, 10]]
[[0, 1], [2, 3], [4, 5], [6, 7], [8, 10]]
[[0, 1], [2, 3], [4, 5], [6, 7], [8, 10]]
[[0, 1], [2, 3], [4, 5], [6, 7], [8, 10]]
[[0, 1], [2, 3], [4, 5], [6, 7], [8, 10]]
[[0, 1], [2, 3], [4, 5], [6, 7], [8, 10]]
[[0, 1], [2, 3], [4, 5], [6, 7], [8, 10]]
[[0, 1], [2, 3], [4, 5], [6, 7], [8, 10]]
[[0, 1], [2, 3], [4, 5], [6, 7], [8, 10]]
[[0, 1], [2, 3], [4, 5], [6, 7], [8, 10]]
[[0, 1], [2, 3], [4, 5], [6, 7], [8, 10]]
[[0, 1], [2, 3], [4, 5], [6, 7], [8, 10]]
[[0, 1], [2, 3], [4, 5], [6, 7], [8, 10]]
[[0, 1], [2, 3], [4, 5], [6, 7], [8, 10]]
[[0, 1], [2, 3], [4, 5], [6, 7], [8, 10]]
[[0, 1], [2, 3], [4, 5], [6, 7], [8, 10]]
[[0, 1], [2, 3], [4, 5], [6, 7], [8, 10]]
[[0, 1], [2, 3], [4, 5], [6, 7], [8, 10]]
]
Max value: 1000
====================
入札者数: 100
財の個数: 10
傾き:
[
[34, 17, 100, 97, 54, 92, 95, 13, 22, 51]
[43, 35, 37, 31, 79, 84, 94, 63, 86, 29]
[73, 19, 81, 67, 52, 82, 78, 12, 37, 47]
[78, 83, 54, 62, 41, 12, 15, 91, 57, 71]
[12, 11, 14, 40, 78, 98, 20, 19, 14, 81]
[91, 69, 93, 70, 47, 41, 26, 15, 75, 46]
[13, 14, 23, 16, 13, 12, 38, 30, 57, 53]
[82, 47, 13, 49, 10, 19, 82, 87, 86, 57]
[62, 31, 14, 43, 64, 59, 95, 23, 20, 100]
[61, 25, 91, 94, 69, 20, 28, 30, 16, 53]
[33, 21, 13, 58, 33, 50, 47, 77, 92, 76]
[60, 51, 77, 12, 54, 96, 53, 25, 89, 98]
[87, 78, 25, 86, 19, 77, 30, 24, 50, 94]
[31, 38, 51, 31, 33, 78, 28, 47, 88, 68]
[74, 10, 79, 30, 50, 35, 65, 49, 55, 38]
[93, 77, 97, 63, 85, 61, 70, 25, 44, 46]
[46, 51, 43, 57, 53, 18, 89, 82, 93, 19]
[49, 67, 64, 76, 26, 29, 12, 33, 26, 56]
[55, 93, 42, 37, 28, 52, 55, 35, 72, 95]
[72, 17, 45, 10, 42, 73, 61, 13, 50, 27]
[69, 47, 40, 43, 71, 23, 75, 90, 15, 68]
[60, 64, 63, 40, 53, 66, 25, 49, 16, 79]
[18, 60, 79, 70, 41, 44, 50, 68, 84, 61]
[91, 61, 16, 69, 92, 63, 13, 74, 64, 98]
[13, 98, 72, 97, 38, 28, 78, 68, 42, 11]
[97, 21, 26, 93, 19, 89, 62, 70, 46, 20]
[19, 86, 65, 43, 33, 71, 67, 57, 78, 63]
[69, 56, 32, 54, 45, 12, 42, 76, 86, 71]
[54, 48, 51, 48, 59, 73, 57, 15, 61, 49]
[18, 97, 33, 74, 18, 32, 27, 76, 83, 36]
[37, 77, 89, 85, 18, 60, 35, 26, 18, 36]
[65, 21, 54, 31, 47, 75, 34, 25, 68, 33]
[38, 58, 56, 43, 95, 65, 16, 16, 34, 84]
[29, 91, 32, 84, 93, 29, 36, 81, 56, 13]
[44, 39, 74, 92, 75, 78, 94, 38, 46, 31]
[21, 69, 75, 72, 13, 58, 12, 23, 30, 97]
[58, 46, 64, 41, 33, 76, 26, 80, 30, 94]
[71, 85, 14, 94, 87, 67, 17, 63, 54, 73]
[81, 100, 49, 66, 10, 94, 39, 72, 88, 48]
[81, 86, 81, 57, 67, 61, 84, 58, 45, 66]
[40, 68, 96, 77, 55, 60, 14, 25, 71, 100]
[64, 82, 23, 73, 48, 65, 19, 81, 29, 52]
[34, 13, 86, 73, 35, 90, 96, 10, 16, 67]
[33, 13, 24, 77, 16, 46, 40, 32, 89, 74]
[86, 27, 18, 82, 77, 92, 68, 24, 96, 78]
[76, 35, 92, 23, 22, 72, 79, 22, 19, 43]
[60, 20, 62, 28, 76, 44, 40, 10, 30, 33]
[50, 50, 74, 71, 64, 54, 98, 32, 13, 95]
[27, 10, 26, 81, 65, 32, 77, 62, 22, 86]
[58, 99, 31, 68, 11, 29, 47, 94, 57, 15]
[97, 96, 91, 15, 10, 97, 22, 11, 57, 72]
[100, 68, 12, 93, 10, 93, 66, 72, 94, 88]
[24, 33, 36, 80, 40, 49, 92, 45, 19, 61]
[19, 10, 91, 69, 33, 93, 97, 51, 89, 87]
[14, 93, 77, 79, 46, 60, 78, 93, 99, 66]
[10, 53, 52, 17, 49, 49, 92, 58, 53, 57]
[12, 88, 45, 60, 69, 24, 35, 29, 42, 46]
[43, 86, 53, 68, 41, 98, 59, 11, 62, 45]
[59, 58, 85, 93, 26, 43, 38, 29, 90, 72]
[31, 10, 95, 78, 33, 74, 86, 22, 29, 44]
[70, 54, 37, 79, 28, 86, 79, 88, 53, 92]
[87, 77, 40, 72, 16, 39, 94, 99, 16, 16]
[37, 94, 49, 32, 93, 74, 100, 89, 72, 91]
[17, 88, 40, 46, 35, 90, 87, 16, 17, 55]
[90, 67, 87, 85, 84, 95, 46, 44, 68, 76]
[38, 88, 69, 51, 52, 37, 79, 24, 59, 36]
[42, 14, 56, 85, 69, 56, 27, 83, 16, 57]
[78, 53, 63, 89, 17, 65, 56, 48, 93, 45]
[96, 11, 32, 61, 14, 15, 28, 42, 21, 19]
[19, 27, 81, 87, 55, 36, 87, 88, 38, 44]
[98, 39, 58, 91, 42, 41, 85, 42, 90, 56]
[28, 81, 29, 60, 10, 35, 13, 41, 13, 85]
[41, 82, 69, 39, 23, 92, 15, 99, 10, 41]
[12, 91, 77, 10, 11, 54, 73, 81, 91, 62]
[40, 28, 61, 96, 94, 60, 17, 17, 30, 51]
[14, 63, 88, 91, 100, 17, 71, 68, 76, 34]
[100, 93, 21, 66, 15, 62, 13, 34, 46, 54]
[68, 25, 83, 40, 97, 41, 39, 83, 65, 68]
[56, 42, 33, 18, 81, 61, 84, 52, 33, 45]
[99, 49, 39, 92, 60, 49, 51, 20, 23, 37]
[17, 82, 38, 57, 50, 93, 60, 11, 76, 14]
[19, 85, 28, 100, 53, 31, 76, 37, 73, 33]
[11, 80, 60, 83, 84, 81, 85, 68, 61, 95]
[67, 53, 89, 27, 27, 33, 23, 87, 13, 52]
[35, 27, 85, 96, 39, 16, 94, 24, 65, 69]
[46, 38, 91, 18, 39, 94, 35, 81, 78, 54]
[54, 49, 100, 20, 89, 25, 63, 81, 33, 93]
[12, 95, 96, 69, 12, 34, 91, 63, 77, 99]
[38, 37, 58, 86, 12, 98, 25, 48, 47, 22]
[23, 68, 99, 95, 80, 36, 22, 57, 74, 30]
[95, 86, 10, 61, 32, 49, 51, 49, 37, 69]
[99, 64, 32, 60, 53, 81, 95, 49, 96, 56]
[64, 51, 58, 84, 48, 94, 31, 54, 75, 15]
[76, 49, 33, 45, 86, 53, 11, 97, 40, 75]
[45, 88, 48, 28, 14, 27, 60, 10, 47, 28]
[61, 97, 97, 84, 27, 23, 82, 14, 65, 44]
[91, 80, 16, 19, 21, 76, 75, 58, 47, 18]
[24, 27, 43, 65, 11, 49, 22, 29, 25, 32]
[82, 12, 81, 85, 90, 49, 67, 66, 42, 18]
[54, 78, 82, 60, 90, 92, 64, 64, 61, 55]
]
需要区間:
[
[[0, 0], [1, 1], [2, 2], [3, 3], [4, 4], [5, 5], [6, 6], [7, 7], [8, 8], [9, 10]]
[[0, 0], [1, 1], [2, 2], [3, 3], [4, 4], [5, 5], [6, 6], [7, 7], [8, 8], [9, 10]]
[[0, 0], [1, 1], [2, 2], [3, 3], [4, 4], [5, 5], [6, 6], [7, 7], [8, 8], [9, 10]]
[[0, 0], [1, 1], [2, 2], [3, 3], [4, 4], [5, 5], [6, 6], [7, 7], [8, 8], [9, 10]]
[[0, 0], [1, 1], [2, 2], [3, 3], [4, 4], [5, 5], [6, 6], [7, 7], [8, 8], [9, 10]]
[[0, 0], [1, 1], [2, 2], [3, 3], [4, 4], [5, 5], [6, 6], [7, 7], [8, 8], [9, 10]]
[[0, 0], [1, 1], [2, 2], [3, 3], [4, 4], [5, 5], [6, 6], [7, 7], [8, 8], [9, 10]]
[[0, 0], [1, 1], [2, 2], [3, 3], [4, 4], [5, 5], [6, 6], [7, 7], [8, 8], [9, 10]]
[[0, 0], [1, 1], [2, 2], [3, 3], [4, 4], [5, 5], [6, 6], [7, 7], [8, 8], [9, 10]]
[[0, 0], [1, 1], [2, 2], [3, 3], [4, 4], [5, 5], [6, 6], [7, 7], [8, 8], [9, 10]]
[[0, 0], [1, 1], [2, 2], [3, 3], [4, 4], [5, 5], [6, 6], [7, 7], [8, 8], [9, 10]]
[[0, 0], [1, 1], [2, 2], [3, 3], [4, 4], [5, 5], [6, 6], [7, 7], [8, 8], [9, 10]]
[[0, 0], [1, 1], [2, 2], [3, 3], [4, 4], [5, 5], [6, 6], [7, 7], [8, 8], [9, 10]]
[[0, 0], [1, 1], [2, 2], [3, 3], [4, 4], [5, 5], [6, 6], [7, 7], [8, 8], [9, 10]]
[[0, 0], [1, 1], [2, 2], [3, 3], [4, 4], [5, 5], [6, 6], [7, 7], [8, 8], [9, 10]]
[[0, 0], [1, 1], [2, 2], [3, 3], [4, 4], [5, 5], [6, 6], [7, 7], [8, 8], [9, 10]]
[[0, 0], [1, 1], [2, 2], [3, 3], [4, 4], [5, 5], [6, 6], [7, 7], [8, 8], [9, 10]]
[[0, 0], [1, 1], [2, 2], [3, 3], [4, 4], [5, 5], [6, 6], [7, 7], [8, 8], [9, 10]]
[[0, 0], [1, 1], [2, 2], [3, 3], [4, 4], [5, 5], [6, 6], [7, 7], [8, 8], [9, 10]]
[[0, 0], [1, 1], [2, 2], [3, 3], [4, 4], [5, 5], [6, 6], [7, 7], [8, 8], [9, 10]]
[[0, 0], [1, 1], [2, 2], [3, 3], [4, 4], [5, 5], [6, 6], [7, 7], [8, 8], [9, 10]]
[[0, 0], [1, 1], [2, 2], [3, 3], [4, 4], [5, 5], [6, 6], [7, 7], [8, 8], [9, 10]]
[[0, 0], [1, 1], [2, 2], [3, 3], [4, 4], [5, 5], [6, 6], [7, 7], [8, 8], [9, 10]]
[[0, 0], [1, 1], [2, 2], [3, 3], [4, 4], [5, 5], [6, 6], [7, 7], [8, 8], [9, 10]]
[[0, 0], [1, 1], [2, 2], [3, 3], [4, 4], [5, 5], [6, 6], [7, 7], [8, 8], [9, 10]]
[[0, 0], [1, 1], [2, 2], [3, 3], [4, 4], [5, 5], [6, 6], [7, 7], [8, 8], [9, 10]]
[[0, 0], [1, 1], [2, 2], [3, 3], [4, 4], [5, 5], [6, 6], [7, 7], [8, 8], [9, 10]]
[[0, 0], [1, 1], [2, 2], [3, 3], [4, 4], [5, 5], [6, 6], [7, 7], [8, 8], [9, 10]]
[[0, 0], [1, 1], [2, 2], [3, 3], [4, 4], [5, 5], [6, 6], [7, 7], [8, 8], [9, 10]]
[[0, 0], [1, 1], [2, 2], [3, 3], [4, 4], [5, 5], [6, 6], [7, 7], [8, 8], [9, 10]]
[[0, 0], [1, 1], [2, 2], [3, 3], [4, 4], [5, 5], [6, 6], [7, 7], [8, 8], [9, 10]]
[[0, 0], [1, 1], [2, 2], [3, 3], [4, 4], [5, 5], [6, 6], [7, 7], [8, 8], [9, 10]]
[[0, 0], [1, 1], [2, 2], [3, 3], [4, 4], [5, 5], [6, 6], [7, 7], [8, 8], [9, 10]]
[[0, 0], [1, 1], [2, 2], [3, 3], [4, 4], [5, 5], [6, 6], [7, 7], [8, 8], [9, 10]]
[[0, 0], [1, 1], [2, 2], [3, 3], [4, 4], [5, 5], [6, 6], [7, 7], [8, 8], [9, 10]]
[[0, 0], [1, 1], [2, 2], [3, 3], [4, 4], [5, 5], [6, 6], [7, 7], [8, 8], [9, 10]]
[[0, 0], [1, 1], [2, 2], [3, 3], [4, 4], [5, 5], [6, 6], [7, 7], [8, 8], [9, 10]]
[[0, 0], [1, 1], [2, 2], [3, 3], [4, 4], [5, 5], [6, 6], [7, 7], [8, 8], [9, 10]]
[[0, 0], [1, 1], [2, 2], [3, 3], [4, 4], [5, 5], [6, 6], [7, 7], [8, 8], [9, 10]]
[[0, 0], [1, 1], [2, 2], [3, 3], [4, 4], [5, 5], [6, 6], [7, 7], [8, 8], [9, 10]]
[[0, 0], [1, 1], [2, 2], [3, 3], [4, 4], [5, 5], [6, 6], [7, 7], [8, 8], [9, 10]]
[[0, 0], [1, 1], [2, 2], [3, 3], [4, 4], [5, 5], [6, 6], [7, 7], [8, 8], [9, 10]]
[[0, 0], [1, 1], [2, 2], [3, 3], [4, 4], [5, 5], [6, 6], [7, 7], [8, 8], [9, 10]]
[[0, 0], [1, 1], [2, 2], [3, 3], [4, 4], [5, 5], [6, 6], [7, 7], [8, 8], [9, 10]]
[[0, 0], [1, 1], [2, 2], [3, 3], [4, 4], [5, 5], [6, 6], [7, 7], [8, 8], [9, 10]]
[[0, 0], [1, 1], [2, 2], [3, 3], [4, 4], [5, 5], [6, 6], [7, 7], [8, 8], [9, 10]]
[[0, 0], [1, 1], [2, 2], [3, 3], [4, 4], [5, 5], [6, 6], [7, 7], [8, 8], [9, 10]]
[[0, 0], [1, 1], [2, 2], [3, 3], [4, 4], [5, 5], [6, 6], [7, 7], [8, 8], [9, 10]]
[[0, 0], [1, 1], [2, 2], [3, 3], [4, 4], [5, 5], [6, 6], [7, 7], [8, 8], [9, 10]]
[[0, 0], [1, 1], [2, 2], [3, 3], [4, 4], [5, 5], [6, 6], [7, 7], [8, 8], [9, 10]]
[[0, 0], [1, 1], [2, 2], [3, 3], [4, 4], [5, 5], [6, 6], [7, 7], [8, 8], [9, 10]]
[[0, 0], [1, 1], [2, 2], [3, 3], [4, 4], [5, 5], [6, 6], [7, 7], [8, 8], [9, 10]]
[[0, 0], [1, 1], [2, 2], [3, 3], [4, 4], [5, 5], [6, 6], [7, 7], [8, 8], [9, 10]]
[[0, 0], [1, 1], [2, 2], [3, 3], [4, 4], [5, 5], [6, 6], [7, 7], [8, 8], [9, 10]]
[[0, 0], [1, 1], [2, 2], [3, 3], [4, 4], [5, 5], [6, 6], [7, 7], [8, 8], [9, 10]]
[[0, 0], [1, 1], [2, 2], [3, 3], [4, 4], [5, 5], [6, 6], [7, 7], [8, 8], [9, 10]]
[[0, 0], [1, 1], [2, 2], [3, 3], [4, 4], [5, 5], [6, 6], [7, 7], [8, 8], [9, 10]]
[[0, 0], [1, 1], [2, 2], [3, 3], [4, 4], [5, 5], [6, 6], [7, 7], [8, 8], [9, 10]]
[[0, 0], [1, 1], [2, 2], [3, 3], [4, 4], [5, 5], [6, 6], [7, 7], [8, 8], [9, 10]]
[[0, 0], [1, 1], [2, 2], [3, 3], [4, 4], [5, 5], [6, 6], [7, 7], [8, 8], [9, 10]]
[[0, 0], [1, 1], [2, 2], [3, 3], [4, 4], [5, 5], [6, 6], [7, 7], [8, 8], [9, 10]]
[[0, 0], [1, 1], [2, 2], [3, 3], [4, 4], [5, 5], [6, 6], [7, 7], [8, 8], [9, 10]]
[[0, 0], [1, 1], [2, 2], [3, 3], [4, 4], [5, 5], [6, 6], [7, 7], [8, 8], [9, 10]]
[[0, 0], [1, 1], [2, 2], [3, 3], [4, 4], [5, 5], [6, 6], [7, 7], [8, 8], [9, 10]]
[[0, 0], [1, 1], [2, 2], [3, 3], [4, 4], [5, 5], [6, 6], [7, 7], [8, 8], [9, 10]]
[[0, 0], [1, 1], [2, 2], [3, 3], [4, 4], [5, 5], [6, 6], [7, 7], [8, 8], [9, 10]]
[[0, 0], [1, 1], [2, 2], [3, 3], [4, 4], [5, 5], [6, 6], [7, 7], [8, 8], [9, 10]]
[[0, 0], [1, 1], [2, 2], [3, 3], [4, 4], [5, 5], [6, 6], [7, 7], [8, 8], [9, 10]]
[[0, 0], [1, 1], [2, 2], [3, 3], [4, 4], [5, 5], [6, 6], [7, 7], [8, 8], [9, 10]]
[[0, 0], [1, 1], [2, 2], [3, 3], [4, 4], [5, 5], [6, 6], [7, 7], [8, 8], [9, 10]]
[[0, 0], [1, 1], [2, 2], [3, 3], [4, 4], [5, 5], [6, 6], [7, 7], [8, 8], [9, 10]]
[[0, 0], [1, 1], [2, 2], [3, 3], [4, 4], [5, 5], [6, 6], [7, 7], [8, 8], [9, 10]]
[[0, 0], [1, 1], [2, 2], [3, 3], [4, 4], [5, 5], [6, 6], [7, 7], [8, 8], [9, 10]]
[[0, 0], [1, 1], [2, 2], [3, 3], [4, 4], [5, 5], [6, 6], [7, 7], [8, 8], [9, 10]]
[[0, 0], [1, 1], [2, 2], [3, 3], [4, 4], [5, 5], [6, 6], [7, 7], [8, 8], [9, 10]]
[[0, 0], [1, 1], [2, 2], [3, 3], [4, 4], [5, 5], [6, 6], [7, 7], [8, 8], [9, 10]]
[[0, 0], [1, 1], [2, 2], [3, 3], [4, 4], [5, 5], [6, 6], [7, 7], [8, 8], [9, 10]]
[[0, 0], [1, 1], [2, 2], [3, 3], [4, 4], [5, 5], [6, 6], [7, 7], [8, 8], [9, 10]]
[[0, 0], [1, 1], [2, 2], [3, 3], [4, 4], [5, 5], [6, 6], [7, 7], [8, 8], [9, 10]]
[[0, 0], [1, 1], [2, 2], [3, 3], [4, 4], [5, 5], [6, 6], [7, 7], [8, 8], [9, 10]]
[[0, 0], [1, 1], [2, 2], [3, 3], [4, 4], [5, 5], [6, 6], [7, 7], [8, 8], [9, 10]]
[[0, 0], [1, 1], [2, 2], [3, 3], [4, 4], [5, 5], [6, 6], [7, 7], [8, 8], [9, 10]]
[[0, 0], [1, 1], [2, 2], [3, 3], [4, 4], [5, 5], [6, 6], [7, 7], [8, 8], [9, 10]]
[[0, 0], [1, 1], [2, 2], [3, 3], [4, 4], [5, 5], [6, 6], [7, 7], [8, 8], [9, 10]]
[[0, 0], [1, 1], [2, 2], [3, 3], [4, 4], [5, 5], [6, 6], [7, 7], [8, 8], [9, 10]]
[[0, 0], [1, 1], [2, 2], [3, 3], [4, 4], [5, 5], [6, 6], [7, 7], [8, 8], [9, 10]]
[[0, 0], [1, 1], [2, 2], [3, 3], [4, 4], [5, 5], [6, 6], [7, 7], [8, 8], [9, 10]]
[[0, 0], [1, 1], [2, 2], [3, 3], [4, 4], [5, 5], [6, 6], [7, 7], [8, 8], [9, 10]]
[[0, 0], [1, 1], [2, 2], [3, 3], [4, 4], [5, 5], [6, 6], [7, 7], [8, 8], [9, 10]]
[[0, 0], [1, 1], [2, 2], [3, 3], [4, 4], [5, 5], [6, 6], [7, 7], [8, 8], [9, 10]]
[[0, 0], [1, 1], [2, 2], [3, 3], [4, 4], [5, 5], [6, 6], [7, 7], [8, 8], [9, 10]]
[[0, 0], [1, 1], [2, 2], [3, 3], [4, 4], [5, 5], [6, 6], [7, 7], [8, 8], [9, 10]]
[[0, 0], [1, 1], [2, 2], [3, 3], [4, 4], [5, 5], [6, 6], [7, 7], [8, 8], [9, 10]]
[[0, 0], [1, 1], [2, 2], [3, 3], [4, 4], [5, 5], [6, 6], [7, 7], [8, 8], [9, 10]]
[[0, 0], [1, 1], [2, 2], [3, 3], [4, 4], [5, 5], [6, 6], [7, 7], [8, 8], [9, 10]]
[[0, 0], [1, 1], [2, 2], [3, 3], [4, 4], [5, 5], [6, 6], [7, 7], [8, 8], [9, 10]]
[[0, 0], [1, 1], [2, 2], [3, 3], [4, 4], [5, 5], [6, 6], [7, 7], [8, 8], [9, 10]]
[[0, 0], [1, 1], [2, 2], [3, 3], [4, 4], [5, 5], [6, 6], [7, 7], [8, 8], [9, 10]]
[[0, 0], [1, 1], [2, 2], [3, 3], [4, 4], [5, 5], [6, 6], [7, 7], [8, 8], [9, 10]]
[[0, 0], [1, 1], [2, 2], [3, 3], [4, 4], [5, 5], [6, 6], [7, 7], [8, 8], [9, 10]]
]
Max value: 1000
====================
入札者数: 100
財の個数: 10
傾き:
[
[91, 42, 43, 99, 77, 64]
[64, 32, 43, 23, 69, 100]
[15, 39, 53, 90, 23, 10]
[90, 98, 78, 69, 83, 38]
[62, 69, 47, 47, 30, 11]
[86, 94, 21, 42, 100, 68]
[97, 10, 97, 82, 52, 29]
[74, 68, 82, 93, 87, 42]
[49, 34, 97, 19, 100, 98]
[61, 53, 22, 99, 71, 18]
[74, 88, 60, 17, 19, 85]
[35, 28, 43, 72, 39, 57]
[92, 66, 91, 66, 83, 75]
[52, 49, 75, 44, 70, 83]
[78, 62, 43, 12, 51, 75]
[59, 17, 64, 12, 44, 34]
[47, 20, 87, 47, 81, 14]
[32, 11, 11, 90, 26, 40]
[45, 49, 34, 77, 58, 67]
[60, 17, 12, 34, 27, 31]
[36, 71, 82, 21, 45, 17]
[81, 25, 71, 23, 47, 59]
[58, 61, 100, 19, 36, 100]
[53, 34, 66, 87, 19, 91]
[14, 90, 49, 64, 46, 57]
[64, 69, 54, 20, 74, 63]
[20, 26, 93, 23, 43, 26]
[64, 50, 89, 18, 52, 67]
[31, 25, 11, 77, 46, 88]
[52, 13, 63, 15, 66, 44]
[51, 17, 26, 31, 32, 79]
[15, 31, 62, 13, 100, 70]
[33, 62, 84, 17, 77, 30]
[71, 68, 53, 73, 31, 55]
[83, 69, 65, 31, 30, 50]
[15, 67, 87, 83, 48, 86]
[63, 27, 100, 60, 62, 26]
[90, 53, 81, 93, 26, 56]
[22, 78, 78, 55, 59, 97]
[70, 42, 23, 22, 27, 53]
[24, 83, 71, 71, 96, 29]
[90, 55, 73, 35, 92, 19]
[96, 49, 17, 34, 21, 88]
[22, 30, 51, 44, 63, 46]
[87, 55, 79, 45, 69, 53]
[15, 51, 36, 43, 45, 30]
[94, 29, 30, 35, 65, 57]
[75, 74, 18, 52, 29, 64]
[64, 33, 62, 18, 90, 43]
[84, 36, 100, 84, 39, 87]
[22, 23, 60, 45, 66, 18]
[31, 33, 26, 35, 98, 45]
[78, 64, 57, 26, 34, 97]
[99, 81, 97, 98, 56, 72]
[73, 74, 75, 79, 42, 44]
[32, 42, 88, 42, 91, 32]
[21, 21, 41, 73, 36, 33]
[20, 66, 31, 34, 44, 60]
[61, 40, 83, 33, 34, 36]
[88, 39, 70, 14, 18, 45]
[100, 43, 28, 28, 59, 99]
[61, 59, 56, 90, 30, 22]
[20, 88, 52, 28, 69, 96]
[87, 37, 97, 97, 80, 78]
[24, 90, 65, 35, 12, 76]
[69, 15, 19, 56, 19, 41]
[98, 65, 44, 23, 12, 60]
[55, 88, 76, 77, 34, 97]
[96, 49, 91, 66, 33, 98]
[26, 21, 24, 67, 15, 62]
[62, 51, 63, 92, 49, 85]
[55, 64, 95, 23, 66, 34]
[76, 67, 74, 27, 93, 33]
[11, 75, 65, 94, 91, 11]
[17, 93, 49, 88, 81, 28]
[63, 52, 70, 20, 90, 40]
[98, 94, 85, 34, 81, 49]
[27, 95, 76, 99, 36, 100]
[75, 30, 30, 98, 28, 84]
[81, 39, 74, 26, 30, 21]
[45, 12, 36, 86, 94, 52]
[21, 34, 94, 86, 88, 32]
[82, 88, 60, 64, 97, 32]
[33, 21, 95, 80, 63, 17]
[14, 58, 44, 44, 70, 59]
[64, 94, 76, 29, 74, 64]
[91, 25, 97, 39, 15, 72]
[100, 85, 94, 94, 14, 61]
[68, 36, 66, 24, 76, 65]
[78, 61, 40, 90, 47, 92]
[36, 23, 72, 63, 66, 62]
[20, 75, 35, 61, 59, 29]
[50, 14, 89, 92, 56, 61]
[100, 47, 57, 26, 61, 45]
[29, 93, 94, 44, 61, 89]
[44, 70, 13, 100, 13, 52]
[22, 17, 18, 79, 21, 84]
[79, 53, 34, 33, 54, 16]
[23, 60, 33, 62, 92, 24]
[55, 80, 52, 41, 23, 62]
]
需要区間:
[
[[0, 4], [5, 5], [6, 6], [7, 7], [8, 8], [9, 10]]
[[0, 3], [4, 5], [6, 6], [7, 7], [8, 8], [9, 10]]
[[0, 2], [3, 4], [5, 5], [6, 6], [7, 7], [8, 10]]
[[0, 2], [3, 4], [5, 6], [7, 7], [8, 8], [9, 10]]
[[0, 1], [2, 3], [4, 4], [5, 6], [7, 8], [9, 10]]
[[0, 1], [2, 3], [4, 4], [5, 5], [6, 8], [9, 10]]
[[0, 2], [3, 5], [6, 6], [7, 7], [8, 8], [9, 10]]
[[0, 3], [4, 5], [6, 6], [7, 7], [8, 8], [9, 10]]
[[0, 4], [5, 5], [6, 6], [7, 7], [8, 8], [9, 10]]
[[0, 2], [3, 5], [6, 6], [7, 7], [8, 8], [9, 10]]
[[0, 2], [3, 3], [4, 6], [7, 7], [8, 8], [9, 10]]
[[0, 4], [5, 5], [6, 6], [7, 7], [8, 8], [9, 10]]
[[0, 1], [2, 4], [5, 5], [6, 6], [7, 8], [9, 10]]
[[0, 0], [1, 2], [3, 4], [5, 6], [7, 8], [9, 10]]
[[0, 2], [3, 4], [5, 6], [7, 7], [8, 8], [9, 10]]
[[0, 0], [1, 2], [3, 6], [7, 7], [8, 8], [9, 10]]
[[0, 0], [1, 4], [5, 6], [7, 7], [8, 8], [9, 10]]
[[0, 4], [5, 5], [6, 6], [7, 7], [8, 8], [9, 10]]
[[0, 3], [4, 5], [6, 6], [7, 7], [8, 8], [9, 10]]
[[0, 1], [2, 2], [3, 5], [6, 7], [8, 8], [9, 10]]
[[0, 1], [2, 5], [6, 6], [7, 7], [8, 8], [9, 10]]
[[0, 1], [2, 2], [3, 5], [6, 7], [8, 8], [9, 10]]
[[0, 4], [5, 5], [6, 6], [7, 7], [8, 8], [9, 10]]
[[0, 2], [3, 5], [6, 6], [7, 7], [8, 8], [9, 10]]
[[0, 2], [3, 5], [6, 6], [7, 7], [8, 8], [9, 10]]
[[0, 1], [2, 5], [6, 6], [7, 7], [8, 8], [9, 10]]
[[0, 0], [1, 3], [4, 6], [7, 7], [8, 8], [9, 10]]
[[0, 0], [1, 5], [6, 6], [7, 7], [8, 8], [9, 10]]
[[0, 2], [3, 4], [5, 5], [6, 7], [8, 8], [9, 10]]
[[0, 4], [5, 5], [6, 6], [7, 7], [8, 8], [9, 10]]
[[0, 1], [2, 2], [3, 3], [4, 7], [8, 8], [9, 10]]
[[0, 1], [2, 2], [3, 5], [6, 6], [7, 8], [9, 10]]
[[0, 1], [2, 5], [6, 6], [7, 7], [8, 8], [9, 10]]
[[0, 4], [5, 5], [6, 6], [7, 7], [8, 8], [9, 10]]
[[0, 4], [5, 5], [6, 6], [7, 7], [8, 8], [9, 10]]
[[0, 0], [1, 3], [4, 4], [5, 7], [8, 8], [9, 10]]
[[0, 4], [5, 5], [6, 6], [7, 7], [8, 8], [9, 10]]
[[0, 0], [1, 4], [5, 6], [7, 7], [8, 8], [9, 10]]
[[0, 3], [4, 5], [6, 6], [7, 7], [8, 8], [9, 10]]
[[0, 2], [3, 3], [4, 4], [5, 7], [8, 8], [9, 10]]
[[0, 0], [1, 4], [5, 6], [7, 7], [8, 8], [9, 10]]
[[0, 2], [3, 4], [5, 6], [7, 7], [8, 8], [9, 10]]
[[0, 2], [3, 5], [6, 6], [7, 7], [8, 8], [9, 10]]
[[0, 2], [3, 3], [4, 5], [6, 6], [7, 8], [9, 10]]
[[0, 4], [5, 5], [6, 6], [7, 7], [8, 8], [9, 10]]
[[0, 0], [1, 1], [2, 4], [5, 6], [7, 8], [9, 10]]
[[0, 0], [1, 2], [3, 5], [6, 7], [8, 8], [9, 10]]
[[0, 3], [4, 4], [5, 6], [7, 7], [8, 8], [9, 10]]
[[0, 2], [3, 5], [6, 6], [7, 7], [8, 8], [9, 10]]
[[0, 4], [5, 5], [6, 6], [7, 7], [8, 8], [9, 10]]
[[0, 2], [3, 4], [5, 5], [6, 6], [7, 8], [9, 10]]
[[0, 2], [3, 3], [4, 6], [7, 7], [8, 8], [9, 10]]
[[0, 3], [4, 4], [5, 5], [6, 7], [8, 8], [9, 10]]
[[0, 1], [2, 3], [4, 6], [7, 7], [8, 8], [9, 10]]
[[0, 0], [1, 3], [4, 4], [5, 6], [7, 8], [9, 10]]
[[0, 0], [1, 5], [6, 6], [7, 7], [8, 8], [9, 10]]
[[0, 0], [1, 2], [3, 3], [4, 7], [8, 8], [9, 10]]
[[0, 4], [5, 5], [6, 6], [7, 7], [8, 8], [9, 10]]
[[0, 0], [1, 5], [6, 6], [7, 7], [8, 8], [9, 10]]
[[0, 2], [3, 5], [6, 6], [7, 7], [8, 8], [9, 10]]
[[0, 0], [1, 3], [4, 5], [6, 6], [7, 8], [9, 10]]
[[0, 1], [2, 5], [6, 6], [7, 7], [8, 8], [9, 10]]
[[0, 0], [1, 4], [5, 5], [6, 6], [7, 7], [8, 10]]
[[0, 1], [2, 5], [6, 6], [7, 7], [8, 8], [9, 10]]
[[0, 3], [4, 5], [6, 6], [7, 7], [8, 8], [9, 10]]
[[0, 3], [4, 5], [6, 6], [7, 7], [8, 8], [9, 10]]
[[0, 1], [2, 5], [6, 6], [7, 7], [8, 8], [9, 10]]
[[0, 1], [2, 3], [4, 5], [6, 7], [8, 8], [9, 10]]
[[0, 3], [4, 5], [6, 6], [7, 7], [8, 8], [9, 10]]
[[0, 4], [5, 5], [6, 6], [7, 7], [8, 8], [9, 10]]
[[0, 0], [1, 2], [3, 4], [5, 5], [6, 7], [8, 10]]
[[0, 0], [1, 1], [2, 2], [3, 5], [6, 8], [9, 10]]
[[0, 0], [1, 1], [2, 2], [3, 3], [4, 5], [6, 10]]
[[0, 0], [1, 1], [2, 4], [5, 7], [8, 8], [9, 10]]
[[0, 3], [4, 5], [6, 6], [7, 7], [8, 8], [9, 10]]
[[0, 4], [5, 5], [6, 6], [7, 7], [8, 8], [9, 10]]
[[0, 1], [2, 3], [4, 4], [5, 6], [7, 8], [9, 10]]
[[0, 0], [1, 5], [6, 6], [7, 7], [8, 8], [9, 10]]
[[0, 2], [3, 3], [4, 5], [6, 7], [8, 8], [9, 10]]
[[0, 2], [3, 5], [6, 6], [7, 7], [8, 8], [9, 10]]
[[0, 1], [2, 2], [3, 3], [4, 5], [6, 6], [7, 10]]
[[0, 2], [3, 4], [5, 5], [6, 7], [8, 8], [9, 10]]
[[0, 4], [5, 5], [6, 6], [7, 7], [8, 8], [9, 10]]
[[0, 4], [5, 5], [6, 6], [7, 7], [8, 8], [9, 10]]
[[0, 3], [4, 4], [5, 6], [7, 7], [8, 8], [9, 10]]
[[0, 0], [1, 2], [3, 6], [7, 7], [8, 8], [9, 10]]
[[0, 4], [5, 5], [6, 6], [7, 7], [8, 8], [9, 10]]
[[0, 3], [4, 5], [6, 6], [7, 7], [8, 8], [9, 10]]
[[0, 4], [5, 5], [6, 6], [7, 7], [8, 8], [9, 10]]
[[0, 0], [1, 5], [6, 6], [7, 7], [8, 8], [9, 10]]
[[0, 0], [1, 1], [2, 5], [6, 7], [8, 8], [9, 10]]
[[0, 3], [4, 5], [6, 6], [7, 7], [8, 8], [9, 10]]
[[0, 1], [2, 3], [4, 6], [7, 7], [8, 8], [9, 10]]
[[0, 0], [1, 5], [6, 6], [7, 7], [8, 8], [9, 10]]
[[0, 2], [3, 5], [6, 6], [7, 7], [8, 8], [9, 10]]
[[0, 2], [3, 3], [4, 6], [7, 7], [8, 8], [9, 10]]
[[0, 1], [2, 3], [4, 5], [6, 6], [7, 8], [9, 10]]
[[0, 4], [5, 5], [6, 6], [7, 7], [8, 8], [9, 10]]
[[0, 2], [3, 3], [4, 4], [5, 6], [7, 8], [9, 10]]
[[0, 0], [1, 3], [4, 5], [6, 7], [8, 8], [9, 10]]
]
Max value: 1000
平均実行時間: 0.002912439999636263 秒
